-11
-9
-5
-24
-6
-9
-2
-9
-6
-5
-10
-7
44
-1
-16
-1
-45
-8
35
-16
-2
-4
-4
-7
-8
73
-4
48
76
8
26
-36
-11
60
-5
14
-6
13
-2
-9
56
-5
-10
-7
-9
85
2
-1
28
40
25
-16
-2
-4
-4
-7
-8
123
-4
-35
-15
34
44
5
-11
24
7
36
-6
-9
-2
-9
-6
-5
-10
-7
-7
8
-38
-1
-11
-8
37
-16
-2
-4
-4
-7
-8
-78
-4
-22
-15
-4
97
36
-11
-9
-5
-2
-6
67
-2
-9
62
-5
-10
-7
-42
34
-26
-1
3
-8
-28
-16
-2
-4
-4
-7
-8
-47
-4
-66
-15
7
91
-76
90
-9
-5
93
-6
-9
-2
-9
15
114
-10
-7
57
-43
154
55
10
-8
-2
74
-2
-4
-4
-7
-8
5
-4
-66
-15
-20
60
-43
-11
-9
-5
-24
-6
138
-2
-9
-6
-5
186
-7
-8
-4
-60
131
12
-8
6
-13
-2
-4
-4
-7
-8
0
-4
64
49
-5
35
57
-11
-9
109
-20
-6
199
-2
-9
-6
-5
-10
35
16
73
13
-1
49
-8
13
-16
-2
-4
-4
-7
73
2
-4
41
-15
54
142
-54
-11
-9
-5
-4
-6
-9
-2
-9
31
-5
-10
-7
-24
-69
0
-1
-32
154
-10
-16
-2
-4
59
-7
-8
-61
-4
-66
-15
-11
-7
-62
-11
-9
-5
31
-6
69
-2
-9
306
-5
-10
-7
39
70
23
-1
11
138
-40
-16
-2
-4
-4
-7
-8
68
-4
-30
-15
22
49
-56
-11
35
-5
68
-6
50
-2
-9
149
-5
-10
-7
5
42
34
-1
12
112
-122
-16
-2
-4
-4
-7
-8
-110
-4
-66
-15
-15
21
94
-11
41
-5
62
-6
-9
-2
-9
-6
-5
-10
-7
58
12
27
-1
-5
-8
-4
-16
-2
21
-4
-7
-8
5
-4
-58
-15
7
64
39
39
-9
-5
-24
-6
-9
-2
-9
292
-5
-10
-7
18
-9
61
-1
40
130
107
131
-2
-4
-4
-7
-8
-3
-4
-66
-15
5
-18
-77
-11
-9
-5
100
-6
6
-2
-9
-6
-5
-10
11
-61
-73
31
-1
62
-8
-63
-16
-2
-4
-4
-7
171
-99
-4
-57
-15
-13
92
4
-11
-9
264
10
-6
-9
116
4
-6
-5
-10
153
-26
6
-41
151
1
-8
-63
-16
-2
53
108
-7
-8
-39
13
-66
-15
-11
-28
5
-11
-9
469
44
146
-9
-2
-9
446
-5
-10
422
-48
-112
-149
-1
11
92
-122
-16
506
-2
329
-7
-8
103
249
-66
-15
-35
78
-120
49
-1
-5
28
-6
-9
-2
-9
348
266
-10
-7
-2
-112
66
-1
-100
643
-122
17
128
70
306
-7
-8
-147
-4
-66
-15
-55
6
-120
104
-6
-5
-6
-6
112
-2
-9
-6
-5
-10
-7
-6
60
57
-1
49
255
-69
-16
-2
-4
-4
-7
-8
33
-4
-31
-14
-7
15
-37
-11
-9
-5
19
-6
-9
-2
-9
131
-5
-10
314
38
124
-65
-1
-41
-8
-116
252
-2
-4
50
-7
-8
66
-4
-66
-15
29
122
28
-11
-9
37
-10
-6
-9
-2
-9
-6
-5
-10
-7
-11
-2
-6
-1
-18
-8
-31
-16
-2
-4
59
-7
197
49
-4
-21
-15
0
20
-17
-11
72
102
48
-6
89
-2
-9
-6
-5
-10
-7
-15
-48
28
-1
-5
75
-122
-16
-2
-4
-4
48
-8
-71
-3
-22
60
-1
13
-14
-11
51
57
48
-6
111
0
443
-6
-5
-10
340
51
-112
-67
-1
86
-8
-122
-16
-2
182
183
510
58
-147
234
-10
-15
-91
72
62
-11
124
-5
45
-6
-9
47
502
-6
426
-10
67
-79
-112
-113
-1
21
-8
-113
-16
21
180
382
-7
5
-138
168
-66
-15
82
29
74
-11
87
-5
28
-6
-9
-2
-9
-6
69
-10
-7
-19
-109
61
-1
-7
289
-23
11
-2
95
-4
-7
163
-135
-4
-66
-15
55
82
167
-11
106
-5
5
-6
-9
-2
102
-6
-5
-10
45
-6
-19
-12
-1
1
-8
19
-16
-2
3
-4
254
39
-62
82
-52
-15
-21
30
102
-11
-9
-5
7
-6
-9
82
15
-6
-5
-10
-7
41
-49
-12
-1
64
-8
-38
11
-2
-4
-4
-7
106
8
-4
51
180
-14
57
192
-11
-9
-5
-24
-6
42
-2
-4
-6
92
-10
-7
12
-3
-3
-1
-33
-8
1
-16
-2
-4
-4
-7
-8
33
-4
-30
-15
10
14
53
-11
-9
-5
32
-6
6
-2
136
-6
-5
-10
-7
16
36
3
-1
57
-8
-1
-16
-2
-4
-4
227
25
-29
-4
5
36
-20
-23
34
-11
110
-5
14
-6
24
7
107
-6
-5
-10
-7
10
-50
24
-1
-4
-8
-40
-16
-2
-4
-4
-7
-7
6
-4
-29
178
-51
41
39
58
3
-5
16
-6
-9
-2
-9
-6
-5
-10
-7
-79
-66
3
-1
-35
-8
86
-16
-2
95
26
-7
17
117
-4
-11
-15
47
81
57
-11
-9
-5
16
-6
-9
7
-9
-6
-5
123
-7
-69
-96
-10
-1
35
-8
-58
133
-2
8
-4
-7
-8
-20
-4
-66
-15
6
-12
136
-11
-9
-5
-3
-6
119
-2
-9
-6
-5
19
-7
-45
-40
33
-1
-7
-8
13
-16
-2
-4
-4
-7
-8
0
-4
56
-15
-26
-6
64
-11
-9
-2
-23
-6
-9
-2
-9
-6
-5
107
-7
8
174
-7
-1
55
-8
94
-16
-2
-4
11
-7
-8
44
3
45
-15
20
82
122
-11
-9
-5
46
-6
12
94
-9
318
-5
-10
43
-13
-27
-35
-1
34
-4
-35
-16
-2
-4
136
-7
35
28
-4
-66
-15
-18
19
83
-11
25
-5
35
-6
-9
-2
-9
221
-5
-10
87
-68
25
-3
-1
29
183
-102
-16
-2
-4
-4
-7
191
-22
-4
-66
-15
31
14
101
-11
-9
-5
-8
-6
-9
-2
-9
-6
-5
-10
-7
39
-40
51
-1
10
-8
-81
100
-2
32
-4
-7
-8
18
-4
-59
177
56
21
-61
27
-9
-5
13
-6
-9
-2
-9
-6
-5
103
-7
-10
18
42
-1
-3
-8
52
49
-2
-4
-4
-7
1
46
-4
-16
72
-29
54
134
