-11
-9
-5
-24
-6
-9
-2
-9
-6
-5
-10
-7
-32
-112
-62
-1
-45
-8
-31
-16
-2
-4
-4
-7
-8
-69
-4
-34
76
-25
-59
-80
-11
-9
-5
-24
-6
-9
-2
-9
-6
-5
-10
-7
-16
-1
-49
-1
-83
-8
-122
-16
-2
-4
-4
-7
-8
44
-4
48
-15
8
26
-36
-11
-9
-5
-24
-6
13
-2
-9
-6
-5
-10
-7
-42
85
2
-1
-8
-8
25
-16
-2
-4
-4
-7
-8
123
-4
-36
-15
-31
10
-91
-11
-9
-5
-24
-6
-9
-2
-9
-6
-5
-10
-7
-9
-65
-61
-1
-15
-8
-44
-16
-2
-4
-4
-7
-8
-71
-4
-35
-15
-53
-3
-63
-11
-9
-5
-24
-6
-9
-2
-9
-6
-5
-10
-7
-79
8
-48
-1
-100
-8
37
-16
-2
-4
-4
-7
-8
-125
-4
-66
-15
-34
97
36
-11
-9
-5
-24
-6
-9
-2
-9
-6
-5
-10
-7
-79
-112
-118
-1
-11
-8
-104
-16
-2
-4
-4
-7
-8
-78
-4
-22
-15
-34
-24
-120
-11
-9
-5
-18
-6
-9
-2
-9
62
-5
-10
-7
-79
-112
-142
-1
-100
-8
-122
-16
-2
-4
-4
-7
-8
-147
-4
-66
-15
-27
51
-88
-11
-9
-5
-2
-6
-9
-2
-9
-6
-5
-10
-7
-42
-112
-26
-1
-100
-8
-122
-16
-2
-4
-4
-7
-8
-47
-4
-66
-15
-47
-43
-120
-11
-9
-5
-24
-6
-9
-2
-9
15
-5
-10
-7
-12
-112
-26
-1
-100
-8
-122
-16
-2
-4
-4
-7
-8
-44
-4
-66
-15
-80
-84
-120
90
-9
-5
-24
-6
-9
-2
-9
-6
-5
-10
-7
57
-98
-73
-1
-65
-8
-122
74
-2
-4
-4
-7
-8
-102
-4
-66
-15
-20
60
-73
-11
-9
-5
-24
-6
-9
-2
-9
-6
-5
186
-7
-79
-4
-78
-1
-55
-8
-66
-16
-2
-4
-4
-7
-8
-3
-4
-66
-15
-43
35
-120
-11
-9
-5
-24
-6
-9
-2
-9
-6
-5
124
-7
-8
-27
-96
-1
-50
-8
-122
-13
-2
-4
-4
-7
-8
0
-4
64
-15
-83
-34
-30
-11
-9
-5
-24
-6
-9
-2
-9
-6
-5
-10
-7
-41
-103
-16
-1
-70
-8
35
-16
-2
-4
-4
-7
-8
26
-4
8
-15
-14
-60
-56
-11
-9
-5
-24
-6
-9
-2
-9
-6
-5
-10
-7
44
-103
-92
-1
-71
-8
7
-16
-2
-4
-4
-7
-8
73
-4
-66
-15
-67
-54
-120
-11
-9
-5
-24
-6
-9
-2
-9
56
-5
-10
-7
-17
-50
-119
-1
-47
-4
-96
-16
-2
-4
-4
-7
-8
-147
-4
-66
-15
34
44
5
-11
60
-5
14
-6
-9
-2
-9
-6
-5
-10
-7
-79
-19
-80
-1
28
40
-114
-16
-2
-4
-4
-7
-8
-63
-4
-66
-15
-91
5
-88
-11
-9
7
36
-6
-9
-2
-9
-6
-5
-10
-7
-79
-60
-38
-1
-100
-8
-61
-16
-2
-4
-4
-7
-8
-144
-4
-66
-15
-4
59
-35
-11
24
-5
31
-6
-9
-2
-9
-6
-5
-10
-7
-7
-37
-102
-1
-88
-8
-122
-16
-2
-4
-4
-7
-8
-147
-4
-66
-15
-87
-44
-120
-11
-9
-5
-3
-6
-9
-2
-9
-6
-5
-10
-7
-79
34
-51
-1
3
-8
-28
-16
-2
-4
-4
-7
-8
-147
-4
-66
-15
-70
91
-76
-11
-9
-5
-21
-6
67
-2
-9
-6
-5
-10
-7
-79
-72
-146
-1
-76
-8
-51
-16
-2
-4
-4
-7
-8
-56
-4
-66
-15
7
-1
-120
-11
-9
-5
93
-6
-9
-2
-9
-6
-5
-10
-7
17
-43
-22
-1
10
-8
-36
-16
-2
-4
-4
-7
-8
-147
-4
-66
-15
-47
48
-43
-11
-9
-5
-24
-6
-9
-2
-9
-6
114
-10
-7
-79
-112
154
55
-49
-8
-2
-16
-2
-4
-4
-7
-8
5
-4
-66
-15
-67
-85
-120
-11
-9
-5
-24
-6
-9
-2
-9
-6
-5
-10
-7
-27
-112
-60
131
-98
-8
6
-16
-2
-4
-4
-7
-8
-40
-4
-66
49
-5
-103
57
-11
-9
-5
-24
-6
138
-2
-9
-6
-5
139
-7
-30
-112
-118
-1
12
-8
-30
-14
-2
-4
-4
-7
-8
-33
-4
-24
-15
-91
-34
-82
-11
-9
-5
-24
-6
199
-2
-9
-6
-5
-10
-7
-22
-112
13
-1
4
-8
-9
-16
-2
-4
-4
-7
-8
2
-4
-18
-15
13
-104
-120
-11
-9
-5
-24
-6
-9
-2
-9
-6
-5
-10
-7
16
13
-153
-1
-12
-8
13
-16
-2
-4
-4
-7
-8
-77
-4
-66
-15
-28
77
-54
-11
-9
-5
-4
-6
-9
-2
-9
6
-5
-10
-7
-79
-69
-110
-1
-75
-8
-79
-16
-2
-4
-4
-7
-8
-147
-4
-66
-15
-19
-84
-107
-11
-9
-5
-8
-6
-9
-2
-9
31
-5
-10
-7
-67
-82
-43
-1
-32
154
-54
-16
-2
-4
-4
-7
-8
-147
-4
-66
-15
-11
-7
-62
-11
-9
-5
31
-6
-9
-2
-9
-6
-5
-10
-7
-74
-36
23
-1
-100
-8
-79
-16
-2
-4
-4
-7
-8
-97
-4
-66
-15
22
-58
-77
-11
-9
-5
-15
-6
-9
-2
-9
-6
-5
-10
-7
-27
-71
-26
-1
-15
-8
-40
-16
-2
-4
-4
-7
-8
-35
-4
-30
-15
-32
-104
-56
-11
-9
-5
68
-6
-9
-2
-9
-6
-5
-10
-7
-79
-79
-106
-1
-100
-8
-122
-16
-2
-4
-4
-7
-8
-125
-4
-66
-15
-70
-59
94
-11
35
-5
20
-6
-9
-2
-9
-6
-5
-10
-7
5
-108
-90
-1
-95
-8
-122
-16
-2
-4
-4
-7
-8
-147
-4
-66
-15
-91
20
-69
-11
-9
-5
-24
-6
-9
-2
-9
-6
-5
-10
-7
-79
-112
-134
-1
-100
-8
-76
-16
-2
-4
-4
-7
-8
-147
-4
-66
-15
-2
1
-117
-11
-9
-5
-17
-6
-9
-2
-9
-6
-5
-10
-7
5
12
27
-1
-5
-8
-16
-16
-2
-4
-4
-7
-8
5
-4
-66
-15
7
14
-120
-11
-9
-5
-24
-6
-9
-2
-9
-6
-5
-10
-7
-44
-112
-18
-1
-82
-8
-25
-16
-2
-4
-4
-7
-8
-3
-4
-66
-15
-15
-18
-120
39
-9
-5
-24
-6
-9
-2
-9
-6
-5
-10
-7
18
-30
-96
-1
-56
11
-111
131
-2
-4
-4
-7
-8
-33
-4
-66
-15
5
-60
-77
-11
-9
85
-20
-6
34
-2
-9
-6
-5
-10
-7
-78
-8
11
-1
49
-8
-103
-16
-2
-4
-4
-7
-8
-11
-4
41
-15
-1
-59
-120
-11
-9
109
-24
-6
-9
-2
-9
-6
-5
-10
35
-37
73
-153
-1
42
-8
-49
-16
-2
-4
-4
-7
73
-102
-4
-66
-15
54
142
-106
-11
-9
-5
-24
-6
-9
-2
-9
-6
-5
-10
-7
-79
-78
-153
-1
-100
-8
-104
-16
-2
-4
59
-7
-8
-61
-4
-66
-15
-28
-27
-120
-11
-9
-5
-24
-6
-9
-2
-9
17
-5
-10
-7
-24
-112
0
-1
-100
-8
-10
-16
-2
-4
-4
-7
-8
-143
-4
-66
-15
-35
-29
-120
-11
-9
-5
-24
-6
69
-2
-9
179
-5
-10
-7
-64
-30
-9
-1
-24
-8
-55
-16
-2
-4
-4
-7
-8
68
-4
-66
-15
-33
14
-120
-11
-9
-5
-24
-6
-9
-2
-9
306
-5
-10
-7
39
70
-30
-1
11
138
-52
-16
-2
-4
-4
-7
-8
-53
-4
-66
-15
-76
49
-120
-11
-9
-5
-24
-6
50
-2
-9
149
-5
-10
-7
-79
42
34
-1
-100
112
-122
-16
-2
-4
-4
-7
-8
-110
-4
-66
-15
-15
21
-120
-11
-9
-5
-14
-6
-9
-2
-9
-6
-5
-10
-7
-76
-66
-3
-1
12
28
-122
-16
-2
-4
-4
-7
-8
-144
-4
-66
-15
-84
-70
-97
-11
-9
-5
62
-6
-9
-2
-9
-6
-5
-10
-7
-79
-32
-4
-1
-100
-8
-4
-16
-2
21
-4
-7
-8
-86
-4
-66
-15
1
-63
39
-11
41
-5
-24
-6
-9
-2
-9
-6
-5
-10
-7
58
-66
-3
-1
-100
-8
-5
-16
-2
-4
-4
-7
-8
-51
-4
-58
-15
-9
64
-112
-11
-9
-5
-24
-6
-9
-2
-9
4
-5
-10
-7
-49
-9
61
-1
-71
-8
107
-16
-2
-4
-4
-7
-8
-50
-4
-66
-15
0
-37
-98
-11
-9
-5
-24
-6
-9
-2
-9
292
-5
-10
-7
-24
-112
-128
-1
40
130
16
-16
-2
-4
-4
-7
-8
-118
-4
-66
-15
-47
-71
-120
-11
-9
-5
100
-6
-9
-2
-9
-6
-5
-10
-7
-65
-73
25
-1
-94
-8
-122
-16
-2
-4
-4
-7
171
-101
-4
-57
-15
-46
-45
4
-11
-9
-5
0
-6
-9
-2
-9
-6
-5
-10
11
-79
-80
-52
-1
62
-8
-122
-16
-2
-4
-4
-7
3
-147
-4
-66
-15
-42
92
-22
-11
-9
-5
0
-6
-9
-2
-9
-6
-5
-10
-7
-79
-112
-115
-1
-33
-8
-103
-16
-2
-4
108
-7
-8
-114
-4
-66
-15
-74
-48
-26
-11
-9
117
-24
-6
-9
-2
-9
-6
-5
-10
-7
-79
-112
-88
151
-69
-8
-63
-16
-2
11
9
-7
-8
-39
13
-66
-15
-11
-45
-120
-11
-9
319
-24
-6
-9
-2
-9
230
-5
-10
-7
-79
-112
-153
-1
11
-8
-122
-16
-2
-4
-4
-7
-8
103
-4
-66
-15
-35
-30
-120
-11
-9
121
-24
-6
-9
-2
-9
446
-5
-10
-7
-61
-112
-149
-1
-68
92
-122
-16
-2
-4
-4
-7
-8
-97
-4
-66
-15
-91
78
-120
-11
-9
-5
-24
-6
-9
-2
-9
348
-5
-10
-7
-41
-112
-36
-1
-100
525
-122
-16
-2
-4
-4
-7
-8
-147
-4
-66
-15
-91
2
-120
49
-1
-5
-24
-6
-9
-2
-9
199
-5
-10
-7
-2
-112
66
-1
-100
643
-122
17
-2
70
-4
-7
-8
-147
-4
-66
-15
-84
6
-120
-10
-9
-5
-24
-6
112
-2
-9
-6
-5
-10
-7
-77
31
28
-1
-41
-8
-122
-16
-2
-4
-4
-7
-8
-103
-4
-66
-14
-18
15
-120
-11
-9
-5
-6
-6
-9
-2
-9
-6
-5
-10
-7
-27
-92
15
-1
49
-8
-69
-16
-2
-4
-4
-7
-8
33
-4
-31
-15
-7
-51
-120
-11
-9
-5
-24
-6
-9
-2
-9
131
-5
-10
53
-79
-112
-153
-1
-58
-8
-119
-16
-2
-4
30
-7
-8
66
-4
-66
-15
5
-104
-120
-11
-9
-5
-24
-6
-9
-2
-9
-6
-5
-10
-7
38
124
-65
-1
-91
-8
-122
252
-2
-4
-4
-7
-8
-98
-4
-66
-15
29
122
-120
-11
-9
-5
38
-6
-9
-2
-9
-6
-5
-10
-7
-61
-77
-25
-1
-85
-8
-63
-16
-2
-4
-4
-7
-8
-147
-4
-66
-15
-20
-36
-24
-11
-9
-5
-6
-6
6
-2
-9
-6
-5
-10
-7
-79
-87
31
-1
-8
-8
-115
-16
-2
-4
-4
-7
-8
-99
-4
-66
-15
-13
-66
-49
-11
-9
-5
10
-6
-9
10
4
-6
-5
-10
-7
-26
6
-41
-1
1
-8
-84
-16
-2
-4
-4
-7
-8
-116
-4
-66
-15
-61
-56
5
-11
-9
264
3
-6
-9
116
-9
-6
-5
-10
153
-79
-89
-43
-1
-100
-8
-122
-16
-2
53
-4
-7
-8
-129
-4
-66
-15
-31
-28
-54
-11
-9
469
-24
39
-9
-2
-9
-6
-5
-10
422
-48
-112
-153
-1
-44
-8
-122
-16
128
-4
50
-7
-8
-147
218
-66
-15
-91
-23
-120
-11
-9
344
44
146
-9
-2
-9
299
-5
-10
48
-79
-112
-153
-1
-100
-8
-122
-16
506
-2
329
-7
-8
-147
249
-66
-15
-69
1
-120
-11
-9
-5
28
-6
-9
-2
-9
210
162
-10
-7
-79
-112
-153
-1
-100
378
-122
-16
128
-4
306
-7
-8
-147
-4
-66
-15
-55
-83
-120
-11
-9
-5
26
-6
-9
-2
-9
128
266
-10
-7
-67
-112
38
-1
-100
522
-122
-16
-2
-4
-4
-7
-8
-147
-4
-66
-15
-89
-50
-120
104
-9
-5
-24
-6
72
-2
-9
-6
-5
-10
-7
-15
-112
57
-1
-62
255
-101
-16
-2
-4
-4
-7
-8
-147
-4
-66
-15
-15
-54
-37
-11
-6
-5
-24
-6
-9
-2
-9
-6
-5
-10
-7
-6
60
-41
-1
-100
-8
-113
-16
-2
-4
-4
-7
-8
-103
-4
-66
-15
-22
-4
-39
-11
-9
-5
-24
-6
-9
-2
-9
-6
-5
-10
314
-79
-72
-75
-1
-41
-8
-122
-16
-2
-4
50
-7
-8
-43
-4
-66
-15
-91
-104
-120
-11
-9
-5
19
-6
-9
-2
-9
-6
-5
-10
-7
-79
-112
-125
-1
-100
-8
-116
-16
-2
-4
-4
-7
-8
-147
-4
-66
-15
18
-96
28
-11
-9
-5
-24
-6
-9
-2
-9
-6
-5
-10
-7
-79
-112
-104
-1
-21
-8
-31
-16
-2
-4
58
-7
-8
-48
-4
-66
-15
0
-104
-36
-11
-9
-5
-10
-6
-9
-2
-9
-6
-5
-10
-7
-11
-63
-6
-1
-100
-8
-47
-16
-2
-4
-4
-7
46
18
-4
-30
-15
-57
-6
-17
-11
-9
-5
48
-6
-9
-2
-9
-6
-5
-10
-7
-43
-48
-17
-1
-32
-8
-122
-16
-2
-4
-4
-7
-8
-138
-4
-66
-15
-77
13
-29
-11
72
102
18
-6
48
-2
-9
-6
-5
-10
-7
-15
-104
16
-1
-5
-8
-122
-16
-2
-4
-4
48
-8
-135
-3
-22
60
-47
7
-44
-11
-9
57
-24
-6
111
-2
43
-6
-5
-10
340
-79
-112
-153
-1
86
-8
-122
-16
-2
-4
-4
55
-8
-147
113
-10
-15
-91
8
-120
-11
-9
-5
48
-6
-9
-2
211
-6
-5
-10
252
-79
-112
-153
-1
-100
-8
-122
-16
-2
182
183
-7
58
-147
234
-66
-15
-91
21
-120
-11
-9
-5
-2
-6
-9
-2
138
-6
219
-10
67
-79
-112
-153
-1
-100
-8
-122
-16
21
180
382
-7
-8
-147
168
-66
-15
-44
29
-120
-11
-9
-5
-24
-6
-9
-2
-9
-6
426
-10
-7
-79
-112
-153
-1
-100
-8
-122
-16
-2
-4
259
-7
-8
-147
-4
-66
-15
82
-39
-120
-11
-9
-5
10
-6
-9
-2
-9
-6
2
-10
-7
-79
-112
19
-1
-100
289
-72
-16
-2
-4
-4
-7
163
-139
-4
-66
-15
9
-70
-120
-11
-9
-5
28
-6
-9
-2
-9
-6
-5
-10
-7
-19
-109
29
-1
-71
-1
-122
-16
-2
-4
-4
-7
-8
-147
-4
-66
-15
-32
17
-58
-11
106
-5
5
-6
-9
-2
94
-6
-5
-10
45
-25
-93
-12
-1
-22
-8
-122
-16
-2
-4
-4
254
-8
-147
-4
-66
-15
-91
-55
-120
-11
41
-5
-24
-6
-9
-2
102
-6
-5
-10
-7
-79
-112
-153
-1
-18
-8
19
-16
-2
-3
-4
-7
-8
-147
82
-66
-15
-62
21
-46
-11
-9
37
-18
-6
-9
-2
-9
-6
-5
-10
-7
-79
-112
-153
-1
-18
-8
-64
-16
-2
-4
59
-7
197
49
-4
-21
-15
-12
-104
-120
-11
-9
-5
-24
-6
-9
-2
-9
-6
-5
-10
-7
-48
-2
-83
-1
-67
-8
-78
-16
-2
-4
-4
-7
94
-61
-4
-66
-15
-12
20
-43
-11
-9
-5
-24
-6
-9
-2
-9
-6
-5
-10
-7
-79
-91
-17
-1
-55
75
-122
-16
-2
-4
-4
-7
-8
-100
-4
-66
-15
-1
-69
-92
-11
-9
-5
-23
-6
89
-2
-9
-6
-5
-10
-7
-41
-101
28
-1
-71
-8
-122
-16
-2
-4
-4
-7
-8
-71
-4
-34
-15
-8
-3
-14
-11
51
-5
-17
-6
66
-2
67
-6
-5
-10
103
51
-112
-67
-1
19
-8
-122
-16
-2
-4
-4
510
-8
-147
-4
-19
-15
-91
-29
-22
-11
47
-5
-11
-6
-9
0
443
-6
-5
-10
109
-79
-112
-145
-1
-64
-8
-122
-16
-2
53
-4
293
-8
-147
-4
-66
-15
-91
72
62
-11
13
-5
23
-6
-9
47
502
-6
-5
-10
-7
-79
-112
-113
-1
21
-8
-122
-16
-2
177
-4
-7
5
-147
-4
-66
-15
-91
-42
74
-11
124
-5
45
-6
-9
-2
408
-6
295
-10
-7
-79
-112
-153
-1
-100
-8
-113
-16
-2
114
178
-7
-8
-138
-4
-66
-15
-72
6
50
-11
87
-5
25
-6
-9
-2
-9
-6
69
-10
-7
-50
-112
-65
-1
-100
-8
-122
-16
-2
95
-4
-7
-8
-147
-4
-66
-15
-23
82
167
-11
-9
-5
-24
-6
-9
-2
-9
-6
-5
-10
-7
-59
-112
61
-1
-7
-8
-23
11
-2
-4
-4
-7
-8
-135
-4
-66
-15
55
-30
-48
-11
-9
-5
-24
-6
-9
-2
-9
-6
-5
-10
-7
-79
-103
-87
-1
1
-8
-122
-16
-2
3
-4
-7
-8
-62
-4
-52
-15
-21
-104
-120
-11
3
-5
-10
-6
-9
-2
-9
-6
-5
-10
-7
-6
-19
-59
-1
-20
-8
-76
-16
-2
-4
-4
-7
39
-147
-4
-66
-15
-91
30
102
-11
-9
-5
7
-6
-9
-2
-9
-6
-5
-10
-7
-79
-112
-70
-1
1
-8
-86
-16
-2
-4
-4
-7
106
-44
-4
51
-15
-52
-52
-62
-11
-9
-5
-24
-6
-9
-2
-9
-6
-5
-10
-7
-50
-112
-95
-1
3
-8
-122
-16
-2
-4
-4
-7
-8
-147
-4
-66
-15
-58
-33
192
-11
-9
-5
-24
-6
-9
-2
-4
-6
92
-10
-7
-79
-112
-3
-1
-98
-8
-45
-16
-2
-4
-4
-7
-8
-117
-4
-66
-15
-64
-48
53
-11
-9
-5
-24
-6
42
-2
-9
-6
-5
-10
-7
12
-104
-22
-1
-33
-8
-47
-16
-2
-4
-4
-7
-8
-58
-4
-39
-15
-9
-11
16
-11
-9
-5
0
-6
6
-2
93
-6
-5
-10
-7
16
-72
-36
-1
57
-8
-122
-16
-2
-4
-4
157
25
-73
-4
5
-15
-91
-23
-32
-11
-9
-5
32
-6
-9
-2
136
-6
-5
-10
-7
-47
-72
3
-1
-70
-8
-122
-16
-2
-4
-4
227
-8
-147
-4
-58
36
-91
-28
34
-11
110
-5
0
-6
24
7
107
-6
-5
-10
-7
10
-50
-2
-1
-99
-8
-122
-16
-2
-4
-4
-7
-8
-126
-4
-66
63
-91
41
-49
-11
-9
-5
-24
-6
-9
-2
37
-6
-5
-10
-7
9
-74
24
-1
-17
-8
-90
-16
-2
-4
-4
-7
-8
-117
-4
-66
178
-80
-21
-4
-11
-9
-5
-24
-6
-9
-2
-9
-6
-5
-10
-7
-79
-67
-46
-1
-35
-8
86
-16
-2
-4
26
-7
-8
14
-4
-66
-15
1
-26
30
58
-9
-5
-24
-6
-9
-2
-9
-6
-5
-10
-7
-79
-66
-28
-1
-100
-8
66
-16
-2
-4
-4
-7
-8
117
-4
-66
-15
47
-44
-120
-11
-9
-5
9
-6
-9
-2
-9
-6
-5
-10
-7
-79
-112
-10
-1
-13
-8
-122
-16
-2
8
-4
-7
-8
-61
-4
-66
-15
-17
-51
-31
-11
-9
-5
16
-6
-9
-2
-9
-6
-5
-10
-7
-79
-96
-65
-1
-94
-8
-122
-16
-2
-4
-4
-7
-8
-145
-4
-66
-15
-85
-12
-5
-11
-9
-5
-21
-6
-9
82
-9
-6
-5
-10
-7
41
-88
-12
-1
64
-8
-122
11
-2
-4
-4
-7
-8
-56
-4
-34
180
-14
-93
-120
-11
-9
-5
-24
-6
-9
45
15
-6
-5
-10
-7
-69
-49
-75
-1
-56
-8
-38
-16
-2
-4
-4
-7
-8
8
-4
-59
-15
-14
57
-42
-11
-9
-5
-24
-6
-9
-2
-9
-6
-5
-10
-7
-8
-3
-33
-1
-100
-8
-3
-16
-2
-4
-4
-7
-8
33
-4
-30
-15
10
-1
-28
-11
-9
-5
-24
-6
40
-2
-9
-6
-5
-10
-7
-53
-16
-64
-1
-100
-8
1
-16
-2
-4
-4
-7
-8
-9
-4
-66
-15
-8
14
-111
-11
-9
-5
-24
-6
-5
-2
-9
-6
-5
-10
-7
-22
7
-45
-1
-33
-8
-26
-16
-2
-4
-4
-7
-8
-29
-4
-23
-15
-20
-34
7
-11
-9
-5
-24
-6
-9
-2
-9
-6
-5
-10
-7
-69
36
-46
-1
-13
-8
-1
-16
-2
-4
-4
-7
-8
-35
-4
-63
-15
-60
-24
-31
-11
-9
-5
-24
-6
-9
-2
-9
-6
-5
-10
-7
-22
-52
10
-1
-34
-8
-40
-16
-2
-4
-4
-7
-8
6
-4
-29
-15
-51
4
-26
-11
-9
-5
14
-6
-9
-2
64
-6
-5
-10
-7
-55
-101
19
-1
-4
-8
-53
-16
-2
-4
-4
-7
-7
-21
-4
-66
-15
-91
-43
39
-11
-9
-5
16
-6
-9
-2
-9
-6
-5
-10
-7
-79
-112
3
-1
-100
-8
-14
-16
-2
-4
-4
-7
17
-6
-4
-11
-15
-48
-57
57
-11
3
-5
16
-6
-9
-2
-9
-6
-5
-10
-7
-79
-112
-64
-1
-100
-8
-122
-16
-2
95
-4
-7
-8
-19
-4
-44
-15
-37
81
-5
-11
-9
-5
-24
-6
-9
-2
-9
-6
-5
-10
-7
-79
-112
-18
-1
35
-8
-122
-14
-2
-4
-4
-7
-8
-122
-4
-66
-15
6
-69
-51
-11
-9
-5
-24
-6
-9
7
-9
-6
-5
123
-7
-69
-112
-87
-1
-66
-8
-58
133
-2
-4
-4
-7
-8
-20
-4
-66
-15
-30
-57
136
-11
-9
-5
-24
-6
119
-2
-9
-6
-5
-10
-7
-74
-85
-8
-1
-7
-8
-48
-16
-2
-4
-4
-7
-8
-9
-4
56
-15
-57
-28
-55
-11
-9
-5
-24
-6
-9
-2
-9
-6
-5
19
-7
-45
-61
33
-1
-50
-8
13
-16
-2
-4
-4
-7
-8
-24
-4
22
-15
-59
-6
64
-11
-9
-5
-24
-6
-9
-2
-9
-6
-5
-10
-7
-79
-55
-13
-1
40
-8
46
-16
-2
-4
-4
-7
-8
-23
-4
14
-15
-68
32
122
-11
-9
-5
-24
-6
-9
-2
-9
-6
-5
-10
-7
8
-112
-76
-1
55
-8
94
-16
-2
-4
-4
-7
-8
15
3
45
-15
-54
-16
-26
-11
-9
-5
-24
-6
-9
-2
-9
240
-5
-10
-7
-13
-112
-90
-1
34
-8
-35
-16
-2
-4
-4
-7
-8
28
-4
-66
-15
-62
-54
-120
-11
-9
-5
-24
-6
12
-2
-9
318
-5
-10
-7
-79
-27
-81
-1
18
-4
-57
-16
-2
-4
-4
-7
-8
-18
-4
-66
-15
-18
-2
-114
-11
-9
-5
-18
-6
-9
-2
-9
221
-5
-10
-7
-79
25
-105
-1
29
183
-122
-16
-2
-4
-4
-7
191
-22
-4
-66
-15
-22
-17
-120
-11
25
-5
35
-6
-9
-2
-9
-6
-5
-10
-7
-73
-38
-3
-1
-21
-8
-102
-16
-2
-4
-4
-7
-8
-110
-4
-66
-15
31
14
-94
-11
-9
-5
-8
-6
-9
-2
-9
-6
-5
-10
-7
-79
-112
51
-1
-72
-8
-122
-16
-2
32
-4
-7
-8
-111
-4
-59
11
56
-87
-110
-11
-9
-5
-24
-6
-9
-2
-9
-6
-5
-10
-7
-50
-85
-58
-1
10
-8
-81
-16
-2
-4
-4
-7
-8
-122
-4
-66
177
49
-102
-61
-11
-9
-5
-24
-6
-9
-2
-9
-6
-5
103
-7
-33
-90
42
-1
-3
-8
52
-16
-2
-4
-4
-7
-8
-6
-4
-66
72
-56
-104
134
-11
-9
-5
-24
-6
-9
-2
-9
-6
-5
-10
-7
-10
-6
-92
-1
-100
-8
-52
-16
-2
-4
-4
-7
-8
46
-4
-16
-15
-40
15
-6
-11
-9
-5
-24
-6
-9
-2
-9
-6
-5
-10
-7
-77
-52
5
-1
-96
-8
-122
-16
-2
-4
-4
-7
-8
0
-4
-62
-15
-34
-90
-120
-11
-9
-5
-3
-6
-9
-2
-9
-6
-5
-10
-7
-79
-40
-153
-1
-23
-8
-122
-16
-2
-4
-4
-7
-8
-33
-4
-66
-15
-26
-59
-120
-11
-9
-5
-23
-6
-9
-2
-9
-6
-5
107
-7
-79
55
-97
-1
-48
-8
-122
-16
-2
-4
-4
-7
-8
-12
-4
-66
-15
20
-20
-120
-11
-9
-2
-24
-6
-9
-2
-9
-6
-5
-10
-7
-73
174
-7
-1
-100
-8
-122
-16
-2
-4
11
-7
-8
44
-4
18
-15
3
82
-120
-11
-9
-5
46
-6
-9
94
-9
-6
-5
-10
-7
-79
-46
-54
-1
-100
-8
-122
-16
-2
-4
136
-7
35
-81
-4
-66
-15
-32
12
-33
-11
-9
-5
-9
-6
-9
-2
-9
-6
-5
-10
43
-79
-112
-35
-1
-100
-8
-122
-16
-2
-4
-4
-7
22
-147
-4
-66
-15
-25
19
83
-11
-9
-5
-24
-6
-9
-2
-9
-6
-5
-10
87
-68
-112
-130
-1
-84
-8
-122
-16
-2
-4
-4
-7
-8
-147
-4
-66
-15
-48
-23
101
-11
-9
-5
-24
-6
-9
-2
-9
-6
-5
-10
-7
-79
-85
-61
-1
-45
-8
-122
-16
-2
-4
-4
-7
-8
-121
-4
-66
-15
-7
-61
-57
-11
-9
-5
-24
-6
-9
-2
-9
-6
-5
-10
-7
-79
-112
-56
-1
-5
-8
-122
100
-2
-4
-4
-7
-8
17
-4
-66
-15
-6
-102
-120
-11
-9
-5
-24
-6
-9
-2
-9
-6
-5
-10
-7
39
-40
23
-1
-64
-8
-122
-16
-2
-4
-4
-7
-8
18
-4
-66
-15
-91
21
-107
27
-9
-5
-24
-6
-9
-2
-9
-6
-5
-10
-7
-26
18
-29
-1
-100
-8
-57
-16
-2
-4
-4
-7
-8
17
-4
-66
-15
-29
54
-120
-11
-9
-5
13
-6
-9
-2
-9
-6
-5
-10
-7
-33
-16
-103
-1
-83
-8
-122
49
-2
-4
-4
-7
1
-28
-4
-66
-15
-45
-25
-92
