-297
263
66
-66
-22
-269
-246
54
-297
263
66
-66
-22
-269
-246
54
-297
263
66
-66
-22
-269
-246
54
-297
263
66
-66
-22
-269
-246
54
-297
263
66
-66
-22
-269
-246
54
-297
263
66
-66
-22
-269
-246
54
-297
263
66
-66
-22
-269
-235
54
-168
-33
54
-66
318
-98
35
19
-73
-33
272
-66
-22
-64
111
188
-144
-33
97
-66
-22
-113
37
95
-62
-33
0
-66
-1
63
205
270
57
-33
296
-66
-22
39
324
230
151
-33
241
-66
-22
158
393
248
228
-33
573
-66
-22
81
363
157
-22
-33
219
-66
-22
-76
107
74
-71
-33
283
-66
-22
-64
135
215
-144
140
198
-66
-22
-167
-6
209
-297
263
66
-66
-22
-269
-236
65
-297
263
66
-66
-22
-269
-246
54
-297
263
66
-66
-22
-269
-246
54
-297
263
66
-66
-22
-269
-246
54
-297
263
66
-66
-22
-269
-246
54
-297
263
66
-66
-22
-269
-246
54
-297
263
66
-66
-22
-269
-246
54
-297
263
66
-66
-22
-269
-246
54
-297
263
66
-66
-22
-269
-246
54
-297
263
66
-66
-22
-269
-246
54
-297
263
66
-66
-22
-269
-246
54
-297
263
71
-66
-22
-269
-242
54
-248
-33
139
-66
163
-191
-93
-4
-152
-33
197
-66
4
-134
101
193
-114
-33
0
-66
362
56
204
-4
158
-33
351
-66
-22
82
228
-4
114
-33
204
-66
-22
51
185
-4
-22
-33
0
-66
-22
23
162
-4
16
-33
0
-66
-22
24
11
-4
150
-33
0
-66
-22
181
164
-4
236
-33
0
-66
-22
160
134
-4
85
-33
216
-66
-22
15
172
-4
60
-33
108
-66
-22
59
220
-4
147
-33
620
-66
-22
-15
173
-4
51
-33
461
-66
-22
-13
400
689
-151
130
298
-66
-22
-176
131
636
-297
263
66
-66
-22
-269
-236
91
-297
263
66
-66
-22
-269
-246
54
-297
263
66
-66
-22
-269
-246
54
-297
263
66
-66
-22
-269
-246
54
-297
263
66
-66
-22
-269
-246
54
-297
263
66
-66
-22
-269
-246
54
-297
263
66
-66
-22
-269
-246
54
-297
263
66
-66
-22
-269
-246
54
-297
263
84
-66
-22
-269
-230
54
-242
-33
134
-66
136
-180
-73
-4
-123
-33
19
-66
237
-31
177
32
-24
-33
0
-66
-22
-6
88
-4
-23
-33
0
-66
-22
17
119
-4
77
-33
0
-66
-22
100
48
-4
113
-33
32
-66
-22
64
27
-4
-1
-33
0
-66
-22
-8
3
-4
-13
-33
0
-66
-22
15
37
-4
73
-33
0
-66
-22
131
90
-4
121
-33
0
-66
-22
87
-42
-4
91
-33
0
-66
-22
72
163
-4
84
-33
0
-66
-22
51
165
-4
113
-33
0
-66
-22
97
124
-4
134
-33
215
-66
-22
95
241
-4
154
-33
722
-66
-22
-10
87
-4
-138
108
376
-66
-22
-181
114
692
-297
263
66
-66
-22
-269
-225
136
-297
263
66
-66
-22
-269
-246
54
-297
263
66
-66
-22
-269
-246
54
-297
263
66
-66
-22
-269
-246
54
-297
263
66
-66
-22
-269
-246
54
-297
263
66
-66
-22
-269
-246
54
-297
263
123
-66
21
-251
-191
54
-217
-33
102
-66
166
-149
-9
155
-121
-33
43
-66
170
-40
141
-4
48
-33
0
-66
-22
77
164
-4
110
-33
25
-66
-22
81
165
-4
73
-33
0
-66
-22
88
157
-4
111
-33
23
-66
-22
76
173
-4
19
-33
0
-66
-22
8
58
-4
79
-33
0
-66
-22
90
149
-4
151
-33
0
-66
-22
113
224
-4
107
-33
0
-66
-22
52
152
-4
-5
-33
0
-66
-22
13
3
-4
83
-33
0
-66
-22
92
77
-4
166
-33
82
-66
-22
104
105
-4
123
-33
24
-66
-22
56
170
-4
5
-33
0
-66
-22
38
32
-4
79
-33
0
-66
-22
66
19
-4
61
-33
529
-66
-22
-71
-46
-4
-197
179
246
-66
-22
-203
-17
358
-297
263
66
-66
-22
-265
-209
199
-297
263
66
-66
-22
-269
-246
54
-297
263
66
-66
-22
-269
-246
54
-297
263
66
-66
-22
-269
-246
54
-297
263
99
-66
-22
-259
-209
54
-142
-33
57
-66
392
-42
126
-4
75
-33
231
-66
115
48
326
188
38
-33
0
-66
-22
24
191
-4
-6
-33
0
-66
-22
85
72
-4
160
-33
0
-66
-22
99
27
-4
115
-33
0
-66
-22
123
205
-4
153
-33
1
-66
-22
95
77
-4
119
-33
56
-66
-22
63
119
-4
22
-33
0
-66
-22
95
82
-4
112
-33
0
-66
-22
109
16
-4
96
-33
0
-66
-22
34
-68
-4
7
-33
0
-66
-22
5
29
-4
11
-33
0
-66
-22
56
99
-4
188
-33
0
-66
-22
174
190
-4
231
-33
60
-66
-22
142
166
-4
94
-33
31
-66
-22
26
130
-4
12
-33
0
-66
-22
33
57
-4
148
-33
258
-66
-22
102
156
-4
91
-33
323
-66
-22
-42
90
24
-192
177
302
-66
-22
-208
-63
333
-297
263
66
-66
-22
-262
-197
250
-297
263
66
-66
-22
-269
-246
54
-297
263
66
-66
-22
-269
-246
54
-265
-33
29
-66
135
-164
-88
-4
-48
-33
0
-66
338
94
299
-4
234
-33
0
-66
-22
171
301
-4
230
-33
83
-66
-22
131
198
-4
44
-33
0
-66
-22
11
61
-4
9
-33
0
-66
-22
80
86
-4
63
-33
0
-66
-22
61
-73
-4
3
-33
0
-66
-22
77
-6
-4
64
-33
0
-66
-22
46
-100
-4
73
-33
0
-66
-22
89
135
-4
101
-33
0
-66
-22
65
143
-4
123
-33
0
-66
-22
123
181
-4
140
-33
0
-66
-22
72
155
-4
92
-33
0
-66
-22
107
197
-4
130
-33
0
-66
-22
134
230
-4
97
-33
0
-66
-22
106
-42
-4
75
-33
0
-66
-22
3
-78
-4
-6
-33
0
-66
-22
54
80
-4
178
-33
0
-66
-22
153
178
-4
146
-33
81
-66
-22
19
6
-4
5
-33
330
-66
-22
-49
21
-4
-196
209
186
-66
-22
-215
-73
296
-297
263
66
-66
-22
-269
-246
54
-297
183
111
-66
-22
-242
-165
46
-217
-33
49
-66
201
-90
40
-4
-12
-33
0
-66
-22
67
78
-4
156
-33
0
-66
-22
178
109
-4
212
-33
0
-66
-22
156
22
-4
80
-33
0
-66
-22
134
176
-4
165
-33
36
-66
-22
130
196
-4
45
-33
0
-66
-22
24
62
-4
32
-33
0
-66
-22
29
90
-4
-24
-33
0
-66
-22
-5
10
-4
-3
-33
0
-66
-22
70
26
-4
53
-33
0
-66
-22
34
-62
-4
124
-33
0
-66
-22
154
136
-4
167
-33
0
-66
-22
86
27
-4
43
-33
0
-66
-22
88
32
-4
148
-33
17
-66
-22
96
70
-4
150
-33
108
-66
-22
59
148
-4
18
-33
0
-66
-22
13
80
-4
51
-33
0
-66
-22
62
142
-4
67
-33
0
-66
-22
87
169
-4
73
-33
0
-66
-22
49
47
-4
111
-33
303
-66
-22
77
108
-4
42
128
582
-66
-22
-117
-35
-4
-265
244
112
-66
-22
-220
-60
435
-246
-33
67
-66
-22
-153
-79
47
-83
-33
0
-66
-22
-33
123
-4
27
-33
0
-66
-22
71
123
-4
142
-33
0
-66
-22
118
204
-4
145
-33
0
-66
-22
87
136
-4
90
-33
0
-66
-22
164
220
-4
166
-33
0
-66
-22
145
89
-4
63
-33
0
-66
-22
85
123
-4
93
-33
0
-66
-22
63
157
-4
-1
-33
0
-66
-22
-13
21
-4
-34
-33
0
-66
-22
-18
-21
-4
-34
-33
0
-66
-22
-1
-2
-4
4
-33
0
-66
-22
59
25
-4
67
-33
0
-66
-22
47
63
-4
43
-33
0
-66
-22
28
104
-4
38
-33
0
-66
-22
82
32
-4
137
-33
0
-66
-22
89
68
-4
85
-33
0
-66
-22
25
119
-4
128
-33
0
-66
-22
114
218
-4
157
-33
0
-66
-22
109
263
-4
72
-33
0
-66
-22
33
121
-4
92
-33
0
-66
-22
62
-2
-4
112
-33
465
-66
-22
36
69
-4
-114
-33
222
-66
-22
-175
49
134
-171
-33
3
-66
29
-79
42
-4
30
-33
0
-66
-22
35
150
-4
42
-33
0
-66
-22
56
112
-4
125
-33
0
-66
-22
129
173
-4
164
-33
0
-66
-22
120
219
-4
161
-33
0
-66
-22
116
227
-4
132
-33
64
-66
-22
74
90
-4
-9
-33
0
-66
-22
48
24
-4
30
-33
0
-66
-22
30
-52
-4
71
-33
0
-66
-22
63
137
-4
125
-33
0
-66
-22
91
252
-4
82
-33
0
-66
-22
52
188
-4
-21
-33
0
-66
-22
5
11
-4
83
-33
0
-66
-22
80
132
-4
89
-33
0
-66
-22
38
106
-4
-13
-33
0
-66
-22
8
24
-4
87
-33
0
-66
-22
75
129
-4
64
-33
0
-66
-22
32
94
-4
6
-33
0
-66
-22
66
13
-4
42
-33
0
-66
-22
62
-65
-4
30
-33
0
-66
-22
-6
-38
-4
-35
-33
0
-66
-22
22
13
-4
-29
-33
60
-66
-22
19
-64
-4
-139
-33
100
-66
-22
-180
-235
-4
0
-33
149
-66
96
73
332
-4
74
-33
0
-66
-22
86
209
-4
49
-33
0
-66
-22
73
101
-4
85
-33
0
-66
-22
99
134
-4
43
-33
0
-66
-22
52
-32
-4
128
-33
0
-66
-22
160
169
-4
180
-33
9
-66
-22
150
128
-4
34
-33
0
-66
-22
-9
27
-4
79
-33
0
-66
-22
84
163
-4
191
-33
0
-66
-22
218
356
-4
281
-33
0
-66
-22
232
303
-4
280
-33
27
-66
-22
166
227
-4
187
-33
0
-66
-22
114
288
-4
91
-33
0
-66
-22
59
209
-4
15
-33
0
-66
-22
6
-11
-4
-20
-33
0
-66
-22
15
24
-4
98
-33
0
-66
-22
84
119
-4
93
-33
33
-66
-22
19
56
-4
-33
-33
0
-66
-22
-18
-20
-4
8
-33
0
-66
-22
18
46
-4
138
-33
0
-66
-22
104
253
-4
152
-33
0
-66
-22
104
293
-4
59
-33
108
-66
-22
13
131
-4
44
-33
581
-66
-22
-24
151
449
178
-33
4
-66
-22
142
230
-4
96
-33
0
-66
-22
41
98
-4
-18
-33
0
-66
-22
13
-19
-4
-1
-33
0
-66
-22
15
-21
-4
52
-33
0
-66
-22
62
112
-4
85
-33
0
-66
-22
160
212
-4
181
-33
54
-66
-22
132
77
-4
136
-33
50
-66
-22
69
169
-4
101
-33
0
-66
-22
179
203
-4
274
-33
0
-66
-22
234
302
-4
285
-33
0
-66
-22
239
238
-4
290
-33
0
-66
-22
239
219
-4
289
-33
0
-66
-22
239
282
-4
286
-33
61
-66
-22
167
206
-4
122
-33
12
-66
-22
56
187
-4
-15
-33
0
-66
-22
-6
21
-4
-16
-33
0
-66
-22
16
-6
-4
1
-33
0
-66
-22
-8
-21
-4
-29
-33
0
-66
-22
-15
-13
-4
-15
-33
0
-66
-22
38
48
-4
126
-33
0
-66
-22
128
141
-4
166
-33
0
-66
-22
119
138
-4
164
-33
62
-66
-22
170
260
-4
205
-33
651
-66
-22
206
305
-4
178
-33
0
-66
-22
142
172
-4
96
-33
0
-66
-22
16
-23
-4
-34
-33
0
-66
-22
-18
-21
-4
-34
-33
0
-66
-22
-18
-21
-4
7
-33
0
-66
-22
85
84
-4
82
-33
0
-66
-22
88
52
-4
45
-33
0
-66
-22
97
20
-4
148
-33
38
-66
-22
94
66
-4
114
-33
0
-66
-22
161
204
-4
237
-33
0
-66
-22
212
119
-4
282
-33
0
-66
-22
239
203
-4
282
-33
0
-66
-22
239
203
-4
285
-33
0
-66
-22
239
203
-4
289
-33
0
-66
-22
238
196
-4
287
-33
46
-66
-22
175
188
-4
139
-33
26
-66
-22
62
184
-4
-9
-33
0
-66
-22
-3
31
-4
-34
-33
0
-66
-22
-18
-19
-4
-8
-33
0
-66
-22
19
36
-4
98
-33
0
-66
-22
75
144
-4
66
-33
0
-66
-22
42
99
-4
12
-33
0
-66
-22
65
37
-4
149
-33
0
-66
-22
167
129
-4
213
-33
462
-66
-22
199
161
-4
178
-33
0
-66
-22
142
172
-4
96
-33
0
-66
-22
16
-23
-4
-34
-33
0
-66
-22
-18
-21
-4
-4
-33
0
-66
-22
1
21
-4
4
-33
0
-66
-22
10
41
-4
-16
-33
0
-66
-22
-2
6
-4
-31
-33
0
-66
-22
5
-11
-4
21
-33
0
-66
-22
88
9
-4
73
-33
0
-66
-22
68
-41
-4
128
-33
0
-66
-22
191
150
-4
270
-33
0
-66
-22
233
192
-4
232
-33
0
-66
-22
199
127
-4
236
-33
0
-66
-22
221
143
-4
284
-33
0
-66
-22
238
197
-4
287
-33
0
-66
-22
223
194
-4
246
-33
59
-66
-22
146
170
-4
101
-33
25
-66
-22
28
131
-4
6
-33
0
-66
-22
11
43
-4
-10
-33
0
-66
-22
25
40
-4
69
-33
0
-66
-22
82
62
-4
71
-33
0
-66
-22
16
-11
-4
8
-33
0
-66
-22
45
76
-4
110
-33
0
-66
-22
133
166
-4
114
-33
288
-66
-22
140
109
-4
71
-33
0
-66
-22
64
48
-4
41
-33
0
-66
-22
1
-31
-4
2
-33
0
-66
-22
5
30
-4
61
-33
0
-66
-22
111
178
-4
109
-33
26
-66
-22
95
167
-4
19
-33
0
-66
-22
-5
56
-4
-33
-33
0
-66
-22
-17
-18
-4
10
-33
0
-66
-22
11
42
-4
14
-33
0
-66
-22
17
61
-4
7
-33
0
-66
-22
107
43
-4
218
-33
0
-66
-22
190
80
-4
265
-33
0
-66
-22
188
190
-4
211
-33
0
-66
-22
232
302
-4
264
-33
0
-66
-22
240
232
-4
205
-33
0
-66
-22
177
89
-4
104
-33
0
-66
-22
106
-103
-4
77
-33
0
-66
-22
60
45
-4
130
-33
28
-66
-22
119
183
-4
141
-33
143
-66
-22
44
154
-4
14
-33
0
-66
-22
42
73
-4
105
-33
0
-66
-22
92
160
-4
75
-33
25
-66
-22
47
142
-4
114
-33
0
-66
-22
98
31
-4
152
-33
494
-66
-22
138
90
-4
84
-33
0
-66
-22
45
155
-4
84
-33
159
-66
-22
23
94
-4
61
-33
0
-66
-22
113
166
-4
140
-33
0
-66
-22
142
232
-4
74
-33
0
-66
-22
80
14
-4
11
-33
0
-66
-22
-17
-24
-4
-31
-33
0
-66
-22
-14
-16
-4
65
-33
0
-66
-22
91
127
-4
94
-33
11
-66
-22
67
175
-4
0
-33
0
-66
-22
7
31
-4
111
-33
0
-66
-22
181
174
-4
175
-33
0
-66
-22
178
109
-4
96
-33
0
-66
-22
110
5
-4
101
-33
0
-66
-22
111
64
-4
104
-33
0
-66
-22
70
104
-4
78
-33
0
-66
-22
91
210
-4
169
-33
0
-66
-22
159
278
-4
135
-33
0
-66
-22
128
231
-4
164
-33
70
-66
-22
101
105
-4
88
-33
21
-66
-22
37
155
-4
49
-33
0
-66
-22
75
14
-4
55
-33
0
-66
-22
-4
-53
-4
13
-33
0
-66
-22
93
106
-4
115
-33
402
-66
-22
151
129
-4
-13
-33
0
-66
-22
15
-98
-4
79
-33
0
-66
-22
52
82
-4
45
-33
0
-66
-22
131
162
-4
160
-33
0
-66
-22
147
99
-4
57
-33
0
-66
-22
-4
-24
-4
-34
-33
0
-66
-22
-18
-21
-4
-34
-33
0
-66
-22
-15
-17
-4
-27
-33
0
-66
-22
64
19
-4
44
-33
0
-66
-22
42
-75
-4
-8
-33
0
-66
-22
4
9
-4
95
-33
0
-66
-22
151
133
-4
162
-33
0
-66
-22
99
23
-4
95
-33
0
-66
-22
103
170
-4
161
-33
0
-66
-22
114
270
-4
161
-33
0
-66
-22
114
270
-4
161
-33
0
-66
-22
144
309
-4
225
-33
0
-66
-22
203
342
-4
177
-33
0
-66
-22
57
9
-4
31
-33
0
-66
-22
65
25
-4
51
-33
0
-66
-22
-2
-50
-4
-34
-33
0
-66
-22
-18
-21
-4
6
-33
0
-66
-22
12
39
-4
33
-33
167
-66
-22
22
68
-4
-111
-33
19
-66
-22
-34
-110
-4
-172
-33
0
-66
48
-67
38
-4
112
-33
0
-66
-22
97
208
-4
144
-33
0
-66
-22
110
273
-4
120
-33
0
-66
-22
92
214
-4
54
-33
0
-66
-22
50
107
-4
81
-33
13
-66
-22
62
157
-4
-9
-33
0
-66
-22
-8
43
-4
-34
-33
0
-66
-22
-18
-21
-4
-27
-33
0
-66
-22
-12
-9
-4
61
-33
0
-66
-22
57
124
-4
67
-33
0
-66
-22
60
161
-4
28
-33
0
-66
-22
23
-21
-4
-15
-33
0
-66
-22
59
-19
-4
33
-33
0
-66
-22
66
-55
-4
33
-33
0
-66
-22
66
-64
-4
51
-33
0
-66
-22
96
-27
-4
172
-33
0
-66
-22
157
14
-4
153
-33
0
-66
-22
39
-52
-4
-33
-33
0
-66
-22
-18
-21
-4
-34
-33
0
-66
-22
-18
-21
-4
9
-33
0
-66
-22
17
46
-4
123
-33
0
-66
-22
150
284
-4
165
-33
263
-66
-22
156
262
-4
-35
-33
203
-66
-22
-129
-48
-4
-208
-33
0
-66
-22
-74
-24
-4
118
-33
0
-66
-22
115
162
-4
198
-33
0
-66
-22
161
255
-4
167
-33
15
-66
-22
103
189
-4
40
-33
0
-66
-22
85
109
-4
101
-33
38
-66
-22
82
115
-4
10
-33
0
-66
-22
-16
2
-4
-34
-33
0
-66
-22
-18
-21
-4
-30
-33
0
-66
-22
-7
-6
-4
58
-33
0
-66
-22
87
115
-4
100
-33
0
-66
-22
59
96
-4
-7
-33
0
-66
-22
-4
5
-4
82
-33
0
-66
-22
68
155
-4
75
-33
0
-66
-22
46
167
-4
-24
-33
0
-66
-22
-15
3
-4
-34
-33
0
-66
-22
-1
0
-4
-4
-33
0
-66
-22
30
6
-4
17
-33
0
-66
-22
-5
-30
-4
-33
-33
0
-66
-22
-18
-20
-4
-30
-33
0
-66
-22
-16
-15
-4
-3
-33
0
-66
-22
40
53
-4
107
-33
0
-66
-22
141
172
-4
120
-33
71
-66
-22
105
66
-4
-77
-33
144
-66
-22
-162
-276
-4
-297
263
66
-66
-22
-220
-245
54
-214
-33
0
-66
71
1
-139
-4
66
-33
0
-66
-22
69
-168
-4
51
-33
0
-66
-22
12
-55
-4
-23
-33
0
-66
-22
17
-11
-4
1
-33
0
-66
-22
14
-21
-4
-20
-33
0
-66
-22
-18
-21
-4
-34
-33
0
-66
-22
-18
-21
-4
-27
-33
0
-66
-22
-11
-9
-4
68
-33
0
-66
-22
67
134
-4
85
-33
0
-66
-22
54
162
-4
-16
-33
0
-66
-22
4
14
-4
69
-33
0
-66
-22
88
95
-4
99
-33
0
-66
-22
40
43
-4
-10
-33
0
-66
-22
-8
1
-4
-24
-33
0
-66
-22
-10
3
-4
-30
-33
0
-66
-22
-16
-14
-4
-14
-33
0
-66
-22
-4
11
-4
15
-33
0
-66
-22
28
68
-4
140
-33
0
-66
-22
108
250
-4
159
-33
133
-66
-22
105
284
-4
-64
-33
0
-66
-22
-9
-47
-4
-184
461
96
-66
-22
-171
-297
-4
-297
263
66
-66
-22
-251
-246
54
-297
263
66
-66
-22
-269
-246
54
-297
263
66
-66
-22
-230
-220
54
-218
-33
0
-66
91
-95
-84
-4
-45
-33
0
-66
-22
-20
-32
-4
5
-33
0
-66
-22
9
48
-4
-1
-33
0
-66
-22
6
41
-4
-30
-33
0
-66
-22
-15
-4
-4
-34
-33
0
-66
-22
-18
-21
-4
-33
-33
0
-66
-22
-8
-9
-4
33
-33
0
-66
-22
85
71
-4
86
-33
0
-66
-22
51
7
-4
-8
-33
0
-66
-22
-13
-14
-4
-28
-33
0
-66
-22
7
-9
-4
-2
-33
0
-66
-22
7
21
-4
113
-33
0
-66
-22
94
182
-4
100
-33
0
-66
-22
47
157
-4
-13
-33
0
-66
-22
13
27
-4
125
-33
0
-66
-22
111
202
-4
161
-33
0
-66
-22
116
250
-4
141
-33
0
-66
-22
147
209
-4
198
-33
234
-66
-22
146
136
-4
-24
597
346
-66
-22
-146
-166
-4
-297
340
66
-66
-22
-269
-246
54
-297
263
66
-66
-22
-269
-246
54
-297
263
66
-66
-22
-269
-246
54
-297
263
66
-66
-22
-269
-246
54
-297
10
22
-66
17
-171
-155
-4
-57
-33
0
-66
-22
-11
-63
-4
127
-33
0
-66
-22
101
229
-4
140
-33
34
-66
-22
80
206
-4
8
-33
0
-66
-22
-9
38
-4
0
-33
0
-66
-22
5
27
-4
3
-33
0
-66
-22
9
43
-4
-29
-33
0
-66
-22
1
-3
-4
-19
-33
0
-66
-22
-6
-21
-4
-28
-33
0
-66
-22
-15
-12
-4
2
-33
0
-66
-22
8
35
-4
-4
-33
0
-66
-22
34
71
-4
146
-33
0
-66
-22
143
157
-4
157
-33
0
-66
-22
66
68
-4
-22
-33
0
-66
-22
19
22
-4
67
-33
0
-66
-22
110
70
-4
112
-33
0
-66
-22
107
-10
-4
69
-33
0
-66
-22
28
-90
-4
-50
-33
0
-66
-22
24
-147
-4
-122
710
246
-66
-22
-234
-338
-4
-297
263
66
-66
-22
-269
-246
54
-297
263
66
-66
-22
-269
-246
54
-297
263
66
-66
-22
-269
-246
54
-297
263
66
-66
-22
-269
-246
54
-297
263
66
-66
-22
-266
-241
54
-297
-33
11
-66
102
-86
-139
-4
-24
-33
0
-66
-22
47
-211
-4
71
-33
0
-66
-22
49
-162
-4
7
-33
0
-66
-22
-16
-16
-4
65
-33
0
-66
-22
93
124
-4
106
-33
36
-66
-22
71
174
-4
25
-33
0
-66
-22
13
46
-4
10
-33
0
-66
-22
15
60
-4
-19
-33
0
-66
-22
3
7
-4
83
-33
0
-66
-22
93
149
-4
132
-33
80
-66
-22
63
161
-4
34
-33
0
-66
-22
76
83
-4
76
-33
0
-66
-22
28
7
-4
44
-33
0
-66
-22
35
102
-4
0
-33
0
-66
-22
21
13
-4
67
-33
71
-66
-22
71
84
-4
-39
-33
368
-66
-22
-58
-41
-4
-246
408
62
-66
-22
-237
-288
-4
-297
330
66
-66
-22
-269
-246
54
-297
263
66
-66
-22
-269
-246
54
-297
263
66
-66
-22
-269
-246
54
-297
263
66
-66
-22
-269
-246
54
-297
263
66
-66
-22
-269
-246
54
-297
263
66
-66
-22
-269
-246
54
-297
263
66
-66
-22
-269
-243
54
-297
57
47
-66
-10
-178
-198
-4
-242
-33
0
-66
-22
-154
-287
-4
-144
-33
0
-66
-22
-67
-212
-4
-34
-33
0
-66
-22
66
-2
-4
68
-33
0
-66
-22
45
-97
-4
148
-33
0
-66
-22
162
273
-4
200
-33
60
-66
-22
129
223
-4
100
-33
0
-66
-22
62
175
-4
73
-33
0
-66
-22
103
181
-4
153
-33
0
-66
-22
127
113
-4
149
-33
0
-66
-22
68
146
-4
108
-33
0
-66
-22
88
199
-4
141
-33
85
-66
-22
99
267
-4
-40
-33
337
-66
-22
-60
-1
-4
-154
-33
0
-66
-22
-63
-311
-4
-151
789
172
-66
-22
-238
-324
-4
-297
272
66
-66
-22
-269
-246
54
-297
263
66
-66
-22
-269
-246
54
-297
263
66
-66
-22
-269
-246
54
-297
263
66
-66
-22
-269
-246
54
-297
263
66
-66
-22
-269
-246
54
-297
263
66
-66
-22
-269
-246
54
-297
263
66
-66
-22
-269
-246
54
-297
263
66
-66
-22
-269
-246
54
-297
263
66
-66
-22
-269
-246
54
-297
263
66
-66
-22
-269
-244
54
-297
102
14
-66
37
-177
-174
-1
-221
-33
0
-66
-22
-139
-254
-4
-23
-33
0
-66
-22
55
22
-4
199
-33
0
-66
-22
206
307
-4
252
-33
0
-66
-22
180
187
-4
185
-33
0
-66
-22
114
270
-4
161
-33
0
-66
-22
116
270
-4
105
-33
0
-66
-22
120
229
-4
144
-33
0
-66
-22
102
61
-4
24
-33
101
-66
-22
41
66
-4
-101
-33
0
-66
-22
-22
-323
-4
-141
790
140
-66
-22
-214
-300
-4
-297
272
66
-66
-22
-269
-246
54
-297
263
66
-66
-22
-269
-246
54
-297
263
66
-66
-22
-269
-246
54
-297
263
66
-66
-22
-269
-246
54
-297
263
66
-66
-22
-269
-246
54
-297
263
66
-66
-22
-269
-246
54
