38
-22
473
-33
-58
190
296
-167
-50
105
182
341
272
-59
-68
-192
-34
-20
11
-33
-58
70
296
-167
-50
109
-6
314
273
-59
-68
-192
-18
149
11
-33
-58
66
275
-167
-50
450
-6
328
298
-59
-68
178
218
837
11
10
-58
55
189
-131
18
316
-6
227
401
-59
-68
162
332
-36
439
180
17
323
136
-51
213
140
-6
215
-51
-59
-68
147
423
211
11
462
-58
-89
-16
50
96
192
-6
27
376
-59
-68
134
253
-36
11
436
702
329
-16
273
377
-95
169
41
114
182
173
143
265
-36
11
72
390
232
-16
93
474
151
172
338
63
-59
-68
20
339
280
114
-33
542
150
57
150
84
488
-6
376
116
-59
-68
714
607
340
640
-33
58
551
-16
-167
-50
44
-6
315
484
-59
-68
-192
-34
-10
11
-33
-58
177
296
-167
-50
79
-6
154
283
-59
-68
-192
-34
407
11
-33
-58
68
296
-167
3
65
-6
166
339
-59
-68
39
53
-36
473
-33
-58
192
246
-167
-50
69
6
341
42
-59
-68
-182
282
-36
11
-33
-58
97
168
-61
-50
491
-6
411
-131
-59
-68
662
252
-36
11
295
-58
137
-16
-161
-50
188
-6
194
155
-59
-68
124
379
-36
11
204
-46
259
-16
72
14
181
-6
259
357
97
-68
1
206
-36
11
-33
-58
48
-16
163
275
73
206
206
100
87
-68
53
263
8
11
289
-58
86
-16
134
203
225
-6
123
381
293
-68
85
57
51
11
41
-58
23
-16
133
161
186
292
63
64
423
-68
70
231
-36
11
130
168
-4
-16
234
207
218
-6
28
135
76
-68
194
270
-36
11
-33
230
-77
-16
122
621
220
188
374
-131
197
521
41
-34
-36
11
-33
376
222
490
-111
388
361
-6
591
-131
-59
-68
460
13
-36
11
-33
-10
327
241
-167
-50
266
-6
216
-131
-59
-68
-192
-34
-15
11
-33
-58
172
176
-167
-50
90
-6
219
247
-59
-68
54
320
-36
288
-33
-58
59
289
-167
-50
449
-6
498
-15
-59
-68
373
234
-36
11
483
43
438
-16
-46
90
-212
-6
152
8
-43
-68
173
428
-36
11
197
358
201
-16
239
173
408
252
91
-58
0
-68
159
114
-36
11
114
-58
-89
-16
83
120
-22
190
34
47
296
-68
77
-1
-36
11
24
-58
-41
-10
127
180
-9
253
48
115
169
-68
231
88
142
11
72
-58
9
-16
218
147
170
-6
8
23
217
-68
205
238
-36
11
207
-30
193
-16
278
169
73
210
95
318
122
-68
136
383
186
11
422
20
-89
-16
224
144
65
-6
51
163
318
211
148
53
-36
11
114
50
53
-16
307
228
161
630
39
99
182
-68
125
176
121
11
-33
-58
166
-16
169
111
158
-6
332
298
82
-68
79
1
-36
11
-33
148
215
151
145
163
356
-6
468
-131
-59
-68
214
121
-36
369
-33
-58
289
140
-167
-50
236
-6
224
125
-59
-68
-75
509
-9
192
-33
-58
110
260
-167
-50
377
96
452
551
-59
-68
142
289
235
11
298
-58
-89
-16
154
304
87
-6
163
479
259
68
127
256
-36
11
124
153
11
-16
331
218
-83
320
-11
56
298
171
182
165
-36
11
24
7
165
-16
181
83
123
335
75
-59
209
-68
88
116
-36
11
-33
-58
142
23
41
-18
331
194
222
164
154
-68
85
240
285
11
-33
-58
48
46
-33
141
282
-6
237
300
158
-68
47
91
-15
11
-33
-58
-83
-16
107
143
29
244
31
172
239
-68
74
83
131
11
-33
-58
-89
-16
154
198
-21
158
114
-7
203
-68
36
188
-36
11
134
-42
126
-16
250
163
57
300
120
72
94
-68
155
335
-2
11
422
-27
20
-16
85
48
140
57
87
210
267
-68
142
187
1
11
119
-58
201
-16
141
120
158
425
330
-131
91
-68
-23
31
-36
11
-33
254
115
165
-53
274
160
-6
733
-61
-59
-68
390
563
-36
11
348
130
179
41
-82
-11
278
-6
171
492
115
-68
39
349
188
11
240
-58
-89
-16
91
85
90
2
93
119
345
-68
58
147
511
11
377
201
-41
-16
172
217
140
-6
-53
205
289
15
182
325
-36
11
-33
123
114
-16
283
132
152
544
31
3
332
-68
136
509
-36
11
504
469
257
-16
363
114
149
-6
-11
449
264
313
260
563
-36
11
471
771
427
-16
534
83
127
179
121
39
169
332
181
571
-36
11
271
586
341
-16
334
42
220
181
140
7
130
-68
197
260
122
11
-33
-58
-9
-16
15
32
185
346
148
138
60
-68
85
6
-36
11
-33
-58
-46
-16
92
107
107
236
104
36
233
-68
12
79
115
11
-33
-58
-17
-16
103
174
208
23
60
322
127
-68
145
302
-36
11
315
128
397
32
273
181
254
-6
97
418
1
-68
158
589
-36
1645
16
427
330
340
368
534
236
293
418
64
-59
-68
243
26
-36
11
172
195
6
-16
139
132
88
718
107
-131
379
-68
-75
-18
2
11
-33
-58
-32
23
-37
52
136
234
143
264
75
-68
38
-27
192
11
171
-58
-89
-16
74
84
81
-6
82
372
398
-68
183
119
185
11
111
89
16
-16
283
245
-87
259
7
96
293
-68
308
351
761
11
524
445
-89
-16
327
282
-109
-6
-102
-42
485
633
313
318
417
11
305
813
-89
-16
554
387
-137
610
-173
-131
600
1076
357
326
283
11
228
868
327
-16
602
368
2
594
-173
-131
417
964
365
316
-36
11
-33
780
391
-16
576
258
177
501
204
-131
59
-48
203
229
-36
11
-33
-58
128
38
-14
37
199
231
145
107
6
-68
-47
168
15
11
33
-58
-25
40
-28
87
96
-6
100
339
256
-68
109
155
467
11
222
-58
-89
-16
161
182
121
24
58
160
294
-68
147
242
745
11
308
746
-25
-16
330
285
-117
303
201
-131
206
501
124
119
-36
11
-33
-58
73
45
140
97
170
649
38
148
280
-68
45
267
-36
11
-33
-58
137
46
108
26
120
-6
104
360
132
-68
114
145
-36
11
11
-58
136
-16
63
-11
165
190
141
49
174
-68
-66
31
136
11
-33
-58
-2
20
-7
128
189
-1
110
230
227
-68
94
208
655
11
78
-58
-89
-10
176
225
-26
21
187
195
345
394
311
164
543
11
220
645
-89
-16
441
375
-172
525
-110
34
611
851
424
263
471
11
525
625
-89
-16
511
376
-168
577
-119
-131
643
1235
340
115
307
11
78
441
68
-16
502
328
12
901
-102
87
454
631
175
285
-36
11
-33
93
264
-16
264
288
275
222
58
257
-59
-68
169
308
-36
11
30
-22
102
-16
141
63
140
11
138
28
36
-68
99
202
-19
11
161
-58
-14
-16
88
94
150
34
88
176
107
-68
132
54
500
11
235
344
-89
-16
310
152
60
554
26
-131
136
-68
216
174
189
11
7
-58
102
-16
143
101
155
-6
83
548
60
-68
181
317
-36
11
229
9
-29
-16
91
184
-13
88
54
95
461
-68
158
102
-36
11
-33
-58
65
75
81
53
90
501
107
151
95
-68
22
92
-36
11
15
-58
-36
26
-5
18
60
-6
243
240
140
-68
10
144
547
11
195
-58
53
-16
-12
143
244
-6
93
435
188
-68
213
-29
375
11
9
67
-89
-16
189
259
-121
399
2
25
487
152
250
87
657
11
486
136
-65
-16
181
324
82
262
-13
143
338
305
223
471
264
11
829
108
59
-16
306
164
-34
172
-7
309
303
209
252
362
8
11
369
251
20
-16
245
140
201
811
72
-131
520
304
37
-34
-36
11
74
-58
-89
12
150
162
78
420
97
45
151
-68
41
141
103
11
-33
-58
62
33
66
137
215
27
54
369
68
-68
168
168
560
861
-33
-58
-89
-16
71
151
177
224
261
-131
241
-68
24
236
250
11
641
-58
-17
18
97
41
62
-6
138
442
297
-68
185
312
156
11
439
216
82
-16
199
104
165
335
-7
-121
458
-68
99
234
-36
11
161
-58
217
-16
152
68
78
223
122
-58
124
-68
41
44
-36
11
-33
-58
48
17
-83
4
197
224
208
103
-35
-68
-54
70
-36
11
-11
-58
-48
-4
-5
44
72
-6
114
312
147
-68
136
172
-36
11
-33
-58
-8
-9
22
65
131
269
89
136
339
-68
91
4
158
11
-33
-58
129
14
97
242
46
164
148
205
311
-68
87
-33
663
11
-33
-58
-60
52
-79
277
122
235
188
116
334
-68
54
-34
116
11
-33
-58
-59
125
108
217
5
738
40
143
315
-68
58
280
-36
11
-33
-58
116
122
13
96
241
260
86
414
-20
-68
164
382
144
11
301
-58
130
-16
136
84
6
-6
191
356
420
-68
166
-16
-36
141
22
-58
282
276
156
265
-21
457
265
-131
228
-68
29
44
818
330
-33
-58
-69
271
-167
-14
433
284
378
378
93
-68
-183
-34
387
11
-33
-58
-33
200
-52
231
-7
88
45
523
227
-68
245
210
20
11
-33
-58
151
14
42
157
191
44
150
304
82
-68
114
133
-36
11
-33
-58
21
63
-85
39
104
90
180
139
-59
-68
-51
48
-36
11
-28
-58
-89
-16
5
29
51
-6
175
304
171
-68
69
52
-36
11
-33
-58
63
13
62
34
136
166
135
175
128
-68
23
111
-36
11
-33
-58
13
-16
87
72
179
-6
51
289
138
-68
97
171
-36
11
-33
-58
247
12
190
47
244
142
182
238
58
-68
72
298
-36
11
200
-58
167
23
137
34
135
-6
100
380
83
-68
97
497
189
11
517
-58
212
-16
235
114
-16
212
89
272
387
-68
96
161
-36
327
395
327
247
78
114
-50
244
326
44
-131
348
-68
-107
-34
-15
21
-33
-58
-89
427
-167
47
107
496
64
591
-59
-68
144
38
-36
473
-33
-58
190
246
-167
-50
95
6
355
46
-59
-68
-192
-34
314
11
146
-58
-89
238
-167
-46
406
-6
141
47
-59
-68
0
-34
167
39
229
-58
267
101
99
153
139
122
9
-79
280
-68
129
92
122
11
24
-58
190
-16
16
129
309
37
55
293
103
-68
156
197
-36
11
18
38
309
-11
133
39
392
-6
174
119
78
-68
232
465
-36
11
-33
-58
225
64
96
33
58
39
142
263
-58
-68
97
325
-36
11
90
-58
101
-16
87
46
164
-6
123
256
180
-68
144
208
-36
11
-33
-36
32
-16
175
118
187
250
-30
130
146
-68
83
56
50
11
-33
-58
-35
-16
9
104
126
398
159
104
149
-68
39
-34
687
172
-33
-58
18
226
-10
206
77
750
-73
-131
332
-68
32
-34
-36
398
-33
-58
281
401
-167
-50
450
207
596
173
-59
-68
172
-34
-36
11
-33
-58
6
176
-167
-50
24
-6
166
189
-59
-68
39
249
-36
473
-33
-58
409
246
-167
-50
161
6
341
258
-59
-68
97
86
-36
99
-33
-58
201
204
-167
-50
353
-6
246
322
-59
-68
-1
43
41
422
-33
-58
128
486
-167
-50
221
-6
286
673
-59
-68
-28
85
187
605
-33
-58
-89
282
-167
116
-56
-6
204
589
72
-68
135
103
383
11
507
246
208
-16
308
173
197
-6
59
497
513
204
268
506
105
11
706
348
352
-16
339
123
188
297
79
-40
356
-68
99
485
205
11
734
36
-83
-16
179
58
62
219
18
-105
365
-67
-45
120
66
11
317
-58
9
65
227
173
-22
358
98
-131
303
-68
67
-34
-36
323
341
43
122
185
-16
127
351
216
459
785
87
-68
209
331
-36
635
-33
-58
-89
223
-167
-50
426
-6
463
398
-59
-68
475
82
-36
92
-33
-58
223
217
-167
-50
59
-6
242
196
-59
-68
50
298
-36
99
-33
-58
202
176
-167
-50
82
-6
246
465
-59
-68
93
