-297
263
66
-66
-22
-269
-246
54
-297
263
66
-66
-22
-269
-246
54
-297
263
66
-66
-22
-269
-246
54
-297
263
66
-66
-22
-269
-246
54
-297
263
66
-66
-22
-269
-246
54
-297
263
66
-66
-22
-269
-246
54
-297
263
66
-66
-22
-269
-246
54
-297
263
66
-66
-22
-269
-246
54
-297
263
66
-66
-22
-269
-246
54
-297
263
66
-66
-22
-269
-246
54
-297
263
66
-66
-22
-269
-246
54
-297
263
66
-66
-22
-269
-246
54
-297
263
66
-66
-22
-269
-246
54
-297
189
59
-66
-22
-269
-242
44
-297
-33
0
-66
2
-250
-200
-4
-272
-33
31
-66
19
-209
-128
19
-236
-33
177
-66
-22
-198
-67
188
-242
-33
144
-66
-22
-213
-60
143
-266
-33
97
-66
-22
-224
-102
95
-258
-33
0
-66
-22
-205
-90
29
-181
-33
0
-66
-1
-126
34
-4
-62
-33
0
-66
-22
-47
205
270
9
-33
296
-66
-22
-49
318
230
2
-33
231
-66
-22
-66
324
-4
12
-33
0
-66
-22
-23
337
-4
59
-33
241
-66
-22
-2
393
248
33
-33
573
-66
-22
-70
363
157
-89
-33
448
-66
-22
-154
188
-4
-206
-33
219
-66
-22
-200
1
68
-247
-33
82
-66
-22
-211
-69
74
-241
-33
61
-66
-22
-198
-66
47
-236
-33
195
-66
-22
-201
-64
215
-269
-33
198
-66
-22
-237
-103
209
-297
140
77
-66
-22
-267
-184
65
-297
254
64
-66
-22
-269
-241
58
-297
263
66
-66
-22
-269
-246
54
-297
263
66
-66
-22
-269
-246
54
-297
263
66
-66
-22
-269
-246
54
-297
263
66
-66
-22
-269
-246
54
-297
263
66
-66
-22
-269
-246
54
-297
263
66
-66
-22
-269
-246
54
-297
263
66
-66
-22
-269
-246
54
-297
263
66
-66
-22
-269
-246
54
-297
263
66
-66
-22
-269
-246
54
-297
263
66
-66
-22
-269
-246
54
-297
263
66
-66
-22
-269
-246
54
-297
263
66
-66
-22
-269
-246
54
-297
263
66
-66
-22
-269
-246
54
-297
263
66
-66
-22
-269
-246
54
-297
263
66
-66
-22
-269
-246
54
-297
263
66
-66
-22
-269
-246
54
-297
263
66
-66
-22
-269
-246
54
-297
263
66
-66
-22
-269
-246
54
-297
263
66
-66
-22
-269
-246
54
-297
263
66
-66
-22
-269
-246
54
-297
263
66
-66
-22
-269
-246
54
-297
263
66
-66
-22
-269
-246
54
-297
263
66
-66
-22
-269
-246
54
-297
263
66
-66
-22
-269
-246
54
-297
263
66
-66
-22
-269
-246
54
-297
263
66
-66
-22
-269
-246
54
-297
22
49
-66
-22
-269
-235
18
-288
-33
0
-66
261
-205
-120
-4
-168
-33
54
-66
318
-98
35
-4
-73
-33
272
-66
-22
-64
111
-4
-83
-33
80
-66
-22
-101
104
-4
-144
-33
24
-66
-22
-133
37
-4
-170
-33
0
-66
-22
-113
35
-4
-158
-33
0
-66
-22
-17
121
-4
-71
-33
0
-66
-22
63
106
-4
43
-33
0
-66
-22
39
-47
-4
57
-33
0
-66
-22
28
-50
-4
54
-33
0
-66
-22
114
116
-4
151
-33
0
-66
-22
158
153
-4
228
-33
94
-66
-22
81
72
-4
136
-33
358
-66
-22
-13
73
-4
-22
-33
203
-66
-22
-76
106
-4
-98
-33
0
-66
-22
-98
107
-4
-87
-33
7
-66
-22
-64
135
-4
-71
-33
283
-66
-22
-72
108
-4
-144
-33
170
-66
-22
-167
-6
173
-273
70
0
-66
-22
-248
-144
85
-297
246
52
-66
-22
-269
-236
65
-297
263
66
-66
-22
-269
-246
54
-297
263
66
-66
-22
-269
-246
54
-297
263
66
-66
-22
-269
-246
54
-297
263
66
-66
-22
-269
-246
54
-297
263
66
-66
-22
-269
-246
54
-297
263
66
-66
-22
-269
-246
54
-297
263
66
-66
-22
-269
-246
54
-297
263
66
-66
-22
-269
-246
54
-297
263
66
-66
-22
-269
-246
54
-297
263
66
-66
-22
-269
-246
54
-297
263
66
-66
-22
-269
-246
54
-297
263
66
-66
-22
-269
-246
54
-297
263
66
-66
-22
-269
-246
54
-297
263
66
-66
-22
-269
-246
54
-297
263
66
-66
-22
-269
-246
54
-297
263
66
-66
-22
-269
-246
54
-297
263
66
-66
-22
-269
-246
54
-297
263
66
-66
-22
-269
-246
54
-297
263
66
-66
-22
-269
-246
54
-297
263
66
-66
-22
-269
-246
54
-297
263
66
-66
-22
-269
-246
54
-297
263
66
-66
-22
-269
-246
54
-297
263
66
-66
-22
-269
-246
54
-297
-33
51
-66
-22
-268
-226
-4
-297
-33
139
-66
18
-250
-192
-4
-291
-33
175
-66
4
-234
-150
80
-279
-33
74
-66
-9
-220
-111
174
-236
-33
0
-66
362
-131
4
-4
-115
-33
0
-66
-22
-5
163
-4
39
-33
0
-66
-22
14
228
-4
71
-33
351
-66
-22
-28
218
-4
-6
-33
204
-66
-22
-50
185
-4
-64
-33
0
-66
-22
-52
168
-4
-92
-33
0
-66
-22
-15
162
-4
-66
-33
0
-66
-22
23
73
-4
-5
-33
0
-66
-22
12
-91
-4
16
-33
0
-66
-22
24
-73
-4
44
-33
0
-66
-22
115
111
-4
150
-33
0
-66
-22
175
164
-4
236
-33
0
-66
-22
136
113
-4
192
-33
0
-66
-22
55
134
-4
83
-33
216
-66
-22
-26
164
-4
1
-33
60
-66
-22
-42
172
-4
-7
-33
0
-66
-22
13
220
-4
44
-33
108
-66
-22
-8
204
-4
18
-33
620
-66
-22
-118
101
-4
-117
-33
472
-66
-22
-176
28
-4
-207
-33
183
-66
-22
-180
4
262
-242
-33
184
-66
-22
-195
-39
519
-294
-33
1
-66
-22
-232
-107
605
-297
130
0
-66
-22
-264
-192
286
-297
263
66
-66
-22
-269
-246
54
-297
263
66
-66
-22
-269
-246
54
-297
263
66
-66
-22
-269
-246
54
-297
263
66
-66
-22
-269
-246
54
-297
263
66
-66
-22
-269
-246
54
-297
263
66
-66
-22
-269
-246
54
-297
263
66
-66
-22
-269
-246
54
-297
263
66
-66
-22
-269
-246
54
-297
263
66
-66
-22
-269
-246
54
-297
263
66
-66
-22
-269
-246
54
-297
263
66
-66
-22
-269
-246
54
-297
263
66
-66
-22
-269
-246
54
-297
263
66
-66
-22
-269
-246
54
-297
263
66
-66
-22
-269
-246
54
-297
263
66
-66
-22
-269
-246
54
-297
263
66
-66
-22
-269
-246
54
-297
263
66
-66
-22
-269
-246
54
-297
263
66
-66
-22
-269
-246
54
-297
224
65
-66
-22
-269
-244
49
-297
183
71
-66
-22
-269
-242
46
-297
-33
0
-66
34
-247
-190
-4
-248
-33
38
-66
163
-191
-93
-4
-180
-33
197
-66
-22
-153
21
152
-152
-33
131
-66
-22
-134
101
193
-166
-33
0
-66
-22
-53
182
-4
-114
-33
0
-66
-22
56
204
-4
55
-33
0
-66
-22
82
47
-4
158
-33
0
-66
-22
71
12
-4
114
-33
108
-66
-22
51
142
-4
37
-33
0
-66
-22
11
150
-4
-22
-33
0
-66
-22
-12
50
-4
-39
-33
0
-66
-22
-13
-7
-4
-31
-33
0
-66
-22
-14
-31
-4
-19
-33
0
-66
-22
18
11
-4
31
-33
0
-66
-22
113
132
-4
126
-33
0
-66
-22
181
164
-4
175
-33
0
-66
-22
160
83
-4
141
-33
0
-66
-22
89
-38
-4
85
-33
0
-66
-22
15
-134
-4
16
-33
0
-66
-22
7
-64
-4
-24
-33
0
-66
-22
59
44
-4
60
-33
0
-66
-22
47
-33
-4
147
-33
128
-66
-22
-15
-76
-4
104
-33
435
-66
-22
-26
173
-4
51
-33
269
-66
-22
-13
400
252
-15
-33
461
-66
-22
-67
321
689
-151
-33
298
-66
-22
-176
131
636
-286
-33
9
-66
-22
-251
-98
202
-297
241
62
-66
-22
-269
-236
91
-297
254
57
-66
-22
-269
-242
70
-297
263
66
-66
-22
-269
-246
54
-297
263
66
-66
-22
-269
-246
54
-297
263
66
-66
-22
-269
-246
54
-297
263
66
-66
-22
-269
-246
54
-297
263
66
-66
-22
-269
-246
54
-297
263
66
-66
-22
-269
-246
54
-297
263
66
-66
-22
-269
-246
54
-297
263
66
-66
-22
-269
-246
54
-297
263
66
-66
-22
-269
-246
54
-297
263
66
-66
-22
-269
-246
54
-297
263
66
-66
-22
-269
-246
54
-297
263
66
-66
-22
-269
-246
54
-297
263
66
-66
-22
-269
-246
54
-297
263
66
-66
-22
-269
-246
54
-297
263
66
-66
-22
-269
-246
54
-297
263
66
-66
-22
-269
-246
54
-297
-33
45
-66
-22
-267
-223
-4
-297
-33
134
-66
51
-243
-178
-4
-262
-33
19
-66
237
-180
-73
-4
-198
-33
0
-66
-12
-98
44
32
-110
-33
0
-66
-22
-66
78
-4
-64
-33
0
-66
-22
-63
88
-4
-79
-33
0
-66
-22
-31
119
-4
-71
-33
0
-66
-22
17
102
-4
-2
-33
0
-66
-22
67
9
-4
77
-33
0
-66
-22
100
-5
-4
113
-33
0
-66
-22
64
27
-4
74
-33
32
-66
-22
3
5
-4
-3
-33
0
-66
-22
-18
-17
-4
-34
-33
0
-66
-22
-18
-21
-4
-34
-33
0
-66
-22
-18
-21
-4
-32
-33
0
-66
-22
11
16
-4
-4
-33
0
-66
-22
90
90
-4
73
-33
0
-66
-22
131
72
-4
121
-33
0
-66
-22
87
-42
-4
90
-33
0
-66
-22
38
-104
-4
60
-33
0
-66
-22
27
-80
-4
39
-33
0
-66
-22
37
12
-4
5
-33
0
-66
-22
46
72
-4
14
-33
0
-66
-22
51
0
-4
67
-33
0
-66
-22
68
-21
-4
113
-33
0
-66
-22
81
124
-4
134
-33
0
-66
-22
81
241
-4
130
-33
215
-66
-22
5
171
-4
56
-33
722
-66
-22
-117
58
-4
-129
-33
557
-66
-22
-180
-5
-4
-277
-33
0
-66
-22
-222
-71
692
-297
108
0
-66
-22
-263
-181
301
-297
263
66
-66
-22
-269
-246
54
-297
263
66
-66
-22
-269
-246
54
-297
263
66
-66
-22
-269
-246
54
-297
263
66
-66
-22
-269
-246
54
-297
263
66
-66
-22
-269
-246
54
-297
263
66
-66
-22
-269
-246
54
-297
263
66
-66
-22
-269
-246
54
-297
263
66
-66
-22
-269
-246
54
-297
263
66
-66
-22
-269
-246
54
-297
263
66
-66
-22
-269
-246
54
-297
263
66
-66
-22
-269
-246
54
-297
263
66
-66
-22
-269
-246
54
-297
263
66
-66
-22
-269
-246
54
-297
263
66
-66
-22
-269
-246
54
-297
108
62
-66
-22
-269
-240
32
-297
-33
84
-66
-22
-269
-230
14
-297
-33
0
-66
61
-237
-173
-4
-242
-33
0
-66
136
-180
-73
-4
-178
-33
14
-66
-22
-105
80
-4
-123
-33
0
-66
-22
-31
177
-4
-58
-33
0
-66
-22
-6
87
-4
-24
-33
0
-66
-22
-10
4
-4
-26
-33
0
-66
-22
-13
-3
-4
-23
-33
0
-66
-22
-3
6
-4
-29
-33
0
-66
-22
40
48
-4
-11
-33
0
-66
-22
77
24
-4
46
-33
0
-66
-22
44
-127
-4
49
-33
0
-66
-22
-4
-174
-4
-1
-33
0
-66
-22
-14
-64
-4
-19
-33
0
-66
-22
-8
3
-4
-13
-33
0
-66
-22
-4
15
-4
-20
-33
0
-66
-22
15
37
-4
-27
-33
0
-66
-22
58
57
-4
11
-33
0
-66
-22
69
-29
-4
53
-33
0
-66
-22
24
-160
-4
46
-33
0
-66
-22
8
-105
-4
54
-33
0
-66
-22
51
66
-4
91
-33
0
-66
-22
72
163
-4
84
-33
0
-66
-22
42
165
-4
17
-33
0
-66
-22
37
122
-4
-19
-33
0
-66
-22
78
72
-4
23
-33
0
-66
-22
97
-41
-4
62
-33
0
-66
-22
95
-138
-4
116
-33
0
-66
-22
52
-180
-4
154
-33
46
-66
-22
-10
-123
-4
40
-33
553
-66
-22
-80
87
-4
-138
-33
376
-66
-22
-181
114
289
-277
-33
99
-66
-22
-250
-104
67
-297
215
54
-66
-22
-269
-225
136
-297
244
48
-66
-22
-269
-238
86
-297
263
66
-66
-22
-269
-246
54
-297
263
66
-66
-22
-269
-246
54
-297
263
66
-66
-22
-269
-246
54
-297
263
66
-66
-22
-269
-246
54
-297
263
66
-66
-22
-269
-246
54
-297
263
66
-66
-22
-269
-246
54
-297
263
66
-66
-22
-269
-246
54
-297
263
66
-66
-22
-269
-246
54
-297
263
66
-66
-22
-269
-246
54
-297
263
66
-66
-22
-269
-246
54
-297
263
66
-66
-22
-269
-246
54
-297
263
66
-66
-22
-269
-246
54
-297
-33
28
-66
-22
-263
-218
-4
-292
-33
102
-66
77
-232
-161
-4
-246
-33
43
-66
170
-168
-47
-4
-189
-33
0
-66
-22
-89
68
-4
-93
-33
0
-66
-22
-30
123
-4
0
-33
0
-66
-22
23
164
-4
38
-33
0
-66
-22
41
150
-4
23
-33
0
-66
-22
18
101
-4
8
-33
0
-66
-22
9
64
-4
32
-33
0
-66
-22
33
78
-4
38
-33
0
-66
-22
51
122
-4
13
-33
0
-66
-22
38
83
-4
-2
-33
0
-66
-22
8
-49
-4
-4
-33
0
-66
-22
-7
-84
-4
11
-33
0
-66
-22
10
9
-4
47
-33
0
-66
-22
41
100
-4
78
-33
0
-66
-22
61
165
-4
74
-33
0
-66
-22
63
183
-4
36
-33
0
-66
-22
52
139
-4
6
-33
0
-66
-22
28
33
-4
-5
-33
0
-66
-22
0
-76
-4
-13
-33
0
-66
-22
13
-46
-4
4
-33
0
-66
-22
72
59
-4
83
-33
0
-66
-22
92
77
-4
145
-33
0
-66
-22
66
58
-4
101
-33
82
-66
-22
53
96
-4
26
-33
0
-66
-22
46
105
-4
-5
-33
0
-66
-22
28
-1
-4
-12
-33
0
-66
-22
18
-93
-4
5
-33
0
-66
-22
38
-79
-4
47
-33
0
-66
-22
66
-17
-4
79
-33
0
-66
-22
-10
-17
-4
7
-33
529
-66
-22
-145
-79
-4
-177
-33
386
-66
-22
-213
-106
-4
-297
-31
61
-66
-22
-245
-137
358
-297
179
10
-66
-22
-269
-207
156
-297
263
66
-66
-22
-269
-246
54
-297
263
66
-66
-22
-269
-246
54
-297
263
66
-66
-22
-269
-246
54
-297
263
66
-66
-22
-269
-246
54
-297
263
66
-66
-22
-269
-246
54
-297
263
66
-66
-22
-269
-246
54
-297
263
66
-66
-22
-269
-246
54
-297
263
66
-66
-22
-269
-246
54
-297
263
66
-66
-22
-269
-246
54
-297
263
66
-66
-22
-269
-246
54
-297
-33
53
-66
-22
-269
-228
-4
-297
-33
123
-66
21
-251
-191
-4
-273
-33
83
-66
166
-207
-113
-4
-217
-33
0
-66
86
-149
-9
155
-163
-33
0
-66
-22
-92
92
-4
-121
-33
0
-66
-22
-40
141
-4
-48
-33
0
-66
-22
14
109
-4
48
-33
0
-66
-22
77
123
-4
110
-33
0
-66
-22
81
165
-4
101
-33
25
-66
-22
39
145
-4
56
-33
0
-66
-22
47
125
-4
73
-33
0
-66
-22
88
157
-4
111
-33
0
-66
-22
76
173
-4
87
-33
23
-66
-22
31
128
-4
19
-33
0
-66
-22
5
58
-4
-13
-33
0
-66
-22
4
32
-4
14
-33
0
-66
-22
40
73
-4
79
-33
0
-66
-22
90
149
-4
141
-33
0
-66
-22
113
223
-4
151
-33
0
-66
-22
99
224
-4
107
-33
0
-66
-22
49
152
-4
36
-33
0
-66
-22
2
66
-4
-19
-33
0
-66
-22
-16
-1
-4
-42
-33
0
-66
-22
2
3
-4
-40
-33
0
-66
-22
45
21
-4
30
-33
0
-66
-22
79
-23
-4
133
-33
0
-66
-22
104
-18
-4
166
-33
0
-66
-22
101
105
-4
123
-33
24
-66
-22
56
170
-4
45
-33
0
-66
-22
16
96
-4
-13
-33
0
-66
-22
-4
24
-4
-40
-33
0
-66
-22
16
32
-4
-34
-33
0
-66
-22
56
19
-4
43
-33
0
-66
-22
15
-133
-4
61
-33
110
-66
-22
-71
-192
-4
-64
-33
367
-66
-22
-138
-46
-4
-197
-33
246
-66
-22
-203
-17
114
-287
-33
100
-66
-22
-247
-136
118
-297
178
44
-66
-22
-265
-209
199
-297
231
35
-66
-22
-269
-233
110
-297
263
66
-66
-22
-269
-246
54
-297
263
66
-66
-22
-269
-246
54
-297
263
66
-66
-22
-269
-246
54
-297
263
66
-66
-22
-269
-246
54
-297
263
66
-66
-22
-269
-246
54
-297
263
66
-66
-22
-269
-246
54
-297
263
66
-66
-22
-269
-246
54
-297
263
66
-66
-22
-269
-246
54
-297
-33
0
-66
54
-246
-186
-4
-216
-33
57
-66
348
-170
-48
-4
-131
-33
231
-66
115
-85
130
98
-98
-33
0
-66
-22
-33
241
188
-77
-33
0
-66
-22
-25
160
-4
-56
-33
0
-66
-22
-24
55
-4
-44
-33
0
-66
-22
20
54
-4
-6
-33
0
-66
-22
85
72
-4
96
-33
0
-66
-22
90
27
-4
160
-33
0
-66
-22
70
20
-4
110
-33
0
-66
-22
98
155
-4
76
-33
0
-66
-22
123
205
-4
125
-33
0
-66
-22
95
77
-4
153
-33
1
-66
-22
65
33
-4
97
-33
56
-66
-22
46
109
-4
25
-33
0
-66
-22
27
119
-4
-9
-33
0
-66
-22
52
82
-4
22
-33
0
-66
-22
95
57
-4
86
-33
0
-66
-22
109
16
-4
112
-33
0
-66
-22
88
-32
-4
96
-33
0
-66
-22
34
-79
-4
42
-33
0
-66
-22
-9
-80
-4
-16
-33
0
-66
-22
-19
-38
-4
-37
-33
0
-66
-22
-13
-15
-4
-39
-33
0
-66
-22
-2
-12
-4
-8
-33
0
-66
-22
46
21
-4
76
-33
0
-66
-22
135
105
-4
188
-33
0
-66
-22
162
158
-4
231
-33
0
-66
-22
116
166
-4
149
-33
60
-66
-22
70
165
-4
47
-33
0
-66
-22
26
130
-4
-14
-33
0
-66
-22
0
51
-4
-36
-33
0
-66
-22
3
-9
-4
12
-33
0
-66
-22
14
-21
-4
70
-33
0
-66
-22
24
26
-4
62
-33
258
-66
-22
-24
96
-4
-31
-33
323
-66
-22
-120
72
-4
-181
-33
235
-66
-22
-195
-25
24
-289
-33
87
-66
-22
-242
-118
333
-297
177
26
-66
-22
-269
-203
127
-297
263
66
-66
-22
-269
-246
54
-297
263
66
-66
-22
-269
-246
54
-297
263
66
-66
-22
-269
-246
54
-297
263
66
-66
-22
-269
-246
54
-297
263
66
-66
-22
-269
-246
54
-297
263
66
-66
-22
-269
-246
54
-297
-33
58
-66
-22
-269
-235
10
-297
-33
99
-66
-22
-259
-209
-4
-270
-33
0
-66
324
-185
-89
-4
-142
-33
0
-66
392
-42
126
-4
11
-33
0
-66
-22
47
291
-4
75
-33
123
-66
-22
48
326
-4
38
-33
0
-66
-22
24
191
-4
-5
-33
0
-66
-22
3
55
-4
-35
-33
0
-66
-22
11
33
-4
-39
-33
0
-66
-22
42
12
-4
27
-33
0
-66
-22
71
-50
-4
104
-33
0
-66
-22
99
-31
-4
115
-33
0
-66
-22
101
93
-4
83
-33
0
-66
-22
78
95
-4
76
-33
0
-66
-22
80
-18
-4
109
-33
0
-66
-22
95
-12
-4
119
-33
0
-66
-22
63
63
-4
67
-33
0
-66
-22
19
72
-4
6
-33
0
-66
-22
34
59
-4
10
-33
0
-66
-22
72
33
-4
40
-33
0
-66
-22
81
-38
-4
50
-33
0
-66
-22
60
-99
-4
57
-33
0
-66
-22
30
-123
-4
43
-33
0
-66
-22
14
-68
-4
7
-33
0
-66
-22
5
12
-4
-13
-33
0
-66
-22
-3
29
-4
-5
-33
0
-66
-22
1
26
-4
11
-33
0
-66
-22
56
99
-4
52
-33
0
-66
-22
147
190
-4
152
-33
0
-66
-22
174
142
-4
219
-33
0
-66
-22
142
76
-4
178
-33
0
-66
-22
90
94
-4
94
-33
31
-66
-22
21
73
-4
11
-33
0
-66
-22
-14
11
-4
-32
-33
0
-66
-22
-15
-15
-4
2
-33
0
-66
-22
33
57
-4
83
-33
0
-66
-22
102
156
-4
148
-33
35
-66
-22
69
154
-4
91
-33
217
-66
-22
-42
90
-4
-65
-33
285
-66
-22
-139
17
-4
-192
-33
302
-66
-22
-208
-63
-4
-280
-33
161
-66
-22
-244
-145
45
-297
148
24
-66
-22
-262
-197
250
-297
226
31
-66
-22
-269
-231
118
-297
263
66
-66
-22
-269
-246
54
-297
263
66
-66
-22
-269
-246
54
-297
263
66
-66
-22
-269
-246
54
-297
263
66
-66
-22
-269
-246
54
-297
-33
8
-66
-22
-260
-214
-4
-277
-33
29
-66
123
-216
-136
-4
-200
-33
0
-66
338
-100
64
-4
-79
-33
0
-66
-22
78
299
-4
110
-33
0
-66
-22
159
301
-4
229
-33
0
-66
-22
131
213
-4
173
-33
83
-66
-22
85
198
-4
68
-33
0
-66
-22
33
158
-4
-4
-33
0
-66
-22
-1
61
-4
-35
-33
0
-66
-22
-7
-12
-4
-35
-33
0
-66
-22
30
1
-4
-10
-33
0
-66
-22
80
11
-4
54
-33
0
-66
-22
61
-81
-4
63
-33
0
-66
-22
16
-140
-4
3
-33
0
-66
-22
38
-49
-4
3
-33
0
-66
-22
77
-6
-4
60
-33
0
-66
-22
46
-100
-4
64
-33
0
-66
-22
6
-116
-4
46
-33
0
-66
-22
33
24
-4
73
-33
0
-66
-22
75
135
-4
82
-33
0
-66
-22
65
143
-4
53
-33
0
-66
-22
37
97
-4
56
-33
0
-66
-22
46
77
-4
85
-33
0
-66
-22
66
126
-4
72
-33
0
-66
-22
45
155
-4
38
-33
0
-66
-22
23
121
-4
53
-33
0
-66
-22
48
117
-4
77
-33
0
-66
-22
100
197
-4
70
-33
0
-66
-22
134
230
-4
77
-33
0
-66
-22
125
67
-4
93
-33
0
-66
-22
106
-93
-4
97
-33
0
-66
-22
65
-142
-4
75
-33
0
-66
-22
3
-159
-4
9
-33
0
-66
-22
-20
-89
-4
-32
-33
0
-66
-22
-14
-18
-4
-6
-33
0
-66
-22
54
80
-4
82
-33
0
-66
-22
153
178
-4
178
-33
0
-66
-22
130
110
-4
146
-33
8
-66
-22
19
6
-4
20
-33
81
-66
-22
-77
-46
-4
-80
-33
271
-66
-22
-144
-59
-4
-184
-33
291
-66
-22
-195
-51
-4
-281
-33
109
-66
-22
-241
-105
296
-297
178
33
-66
-22
-269
-202
114
-297
263
66
-66
-22
-269
-246
54
-297
263
66
-66
-22
-269
-246
54
-297
263
66
-66
-22
-269
-246
54
-297
263
66
-66
-22
-269
-246
54
-297
-33
0
-66
35
-244
-197
-4
-265
-33
0
-66
135
-164
-88
-4
-164
-33
0
-66
-22
-44
83
-4
-48
-33
0
-66
-22
94
232
-4
107
-33
0
-66
-22
164
189
-4
234
-33
0
-66
-22
171
121
-4
230
-33
0
-66
-22
131
139
-4
141
-33
35
-66
-22
47
115
-4
44
-33
0
-66
-22
2
55
-4
14
-33
0
-66
-22
11
42
-4
9
-33
0
-66
-22
38
86
-4
-9
-33
0
-66
-22
49
73
-4
2
-33
0
-66
-22
23
-73
-4
4
-33
0
-66
-22
-5
-138
-4
-28
-33
0
-66
-22
4
-47
-4
-35
-33
0
-66
-22
23
-24
-4
-4
-33
0
-66
-22
12
-111
-4
7
-33
0
-66
-22
5
-111
-4
12
-33
0
-66
-22
51
25
-4
62
-33
0
-66
-22
89
107
-4
101
-33
0
-66
-22
53
75
-4
74
-33
0
-66
-22
26
57
-4
65
-33
0
-66
-22
83
127
-4
123
-33
0
-66
-22
123
181
-4
140
-33
0
-66
-22
72
144
-4
72
-33
0
-66
-22
37
95
-4
38
-33
0
-66
-22
77
105
-4
92
-33
0
-66
-22
107
141
-4
130
-33
0
-66
-22
94
128
-4
94
-33
0
-66
-22
79
41
-4
41
-33
0
-66
-22
64
-42
-4
21
-33
0
-66
-22
30
-115
-4
10
-33
0
-66
-22
-6
-149
-4
-16
-33
0
-66
-22
-18
-78
-4
-34
-33
0
-66
-22
-15
-16
-4
-24
-33
0
-66
-22
48
60
-4
36
-33
0
-66
-22
135
122
-4
133
-33
0
-66
-22
108
12
-4
129
-33
0
-66
-22
17
-86
-4
49
-33
0
-66
-22
-26
-42
-4
5
-33
112
-66
-22
-49
21
-4
-67
-33
330
-66
-22
-120
17
-4
-196
-33
186
-66
-22
-215
-73
-4
-297
209
52
-66
-22
-266
-194
-4
-297
263
66
-66
-22
-269
-246
54
-297
263
66
-66
-22
-269
-246
54
-297
183
71
-66
-22
-269
-242
46
-297
61
70
-66
-22
-269
-235
39
-297
-33
0
-66
112
-227
-170
-4
-266
-33
0
-66
135
-125
-54
-4
-156
-33
0
-66
-22
-18
29
-4
-54
-33
0
-66
-22
67
58
-4
48
-33
0
-66
-22
126
21
-4
156
-33
0
-66
-22
178
17
-4
212
-33
0
-66
-22
156
22
-4
171
-33
0
-66
-22
55
-20
-4
77
-33
0
-66
-22
22
20
-4
72
-33
0
-66
-22
69
130
-4
106
-33
36
-66
-22
78
196
-4
66
-33
0
-66
-22
31
168
-4
-1
-33
0
-66
-22
-5
46
-4
-25
-33
0
-66
-22
-13
-19
-4
-26
-33
0
-66
-22
-12
-10
-4
-30
-33
0
-66
-22
-13
-9
-4
-32
-33
0
-66
-22
-16
-22
-4
-36
-33
0
-66
-22
-5
-13
-4
-40
-33
0
-66
-22
41
26
-4
-3
-33
0
-66
-22
70
-15
-4
53
-33
0
-66
-22
34
-142
-4
49
-33
0
-66
-22
25
-106
-4
48
-33
0
-66
-22
108
92
-4
124
-33
0
-66
-22
154
136
-4
167
-33
0
-66
-22
86
27
-4
77
-33
0
-66
-22
34
0
-4
-12
-33
0
-66
-22
64
32
-4
43
-33
0
-66
-22
88
-23
-4
144
-33
0
-66
-22
88
-51
-4
148
-33
17
-66
-22
76
70
-4
84
-33
0
-66
-22
40
148
-4
15
-33
0
-66
-22
4
68
-4
-23
-33
0
-66
-22
-12
-7
-4
-29
-33
0
-66
-22
-16
-14
-4
-27
-33
0
-66
-22
-11
-8
-4
-33
-33
0
-66
-22
33
44
-4
-11
-33
0
-66
-22
87
53
-4
57
-33
0
-66
-22
62
-98
-4
73
-33
0
-66
-22
8
-164
-4
46
-33
0
-66
-22
22
-11
-4
66
-33
0
-66
-22
44
108
-4
47
-33
303
-66
-22
-46
55
-4
-95
-33
305
-66
-22
-183
-69
-4
-269
128
115
-66
-22
-253
-176
-4
-297
95
40
-66
-22
-268
-220
125
-297
244
73
-66
-22
-269
-237
86
-297
-33
111
-66
-22
-261
-218
21
-297
-33
49
-66
-22
-242
-165
-4
-271
-33
49
-66
201
-184
-82
-4
-217
-33
0
-66
14
-90
40
-4
-118
-33
0
-66
-22
-12
77
-4
-12
-33
0
-66
-22
44
78
-4
48
-33
0
-66
-22
104
92
-4
85
-33
0
-66
-22
159
109
-4
133
-33
0
-66
-22
124
11
-4
128
-33
0
-66
-22
28
-109
-4
59
-33
0
-66
-22
38
3
-4
80
-33
0
-66
-22
134
176
-4
165
-33
0
-66
-22
130
171
-4
140
-33
10
-66
-22
41
90
-4
45
-33
0
-66
-22
5
47
-4
24
-33
0
-66
-22
24
62
-4
32
-33
0
-66
-22
29
90
-4
5
-33
0
-66
-22
8
70
-4
-24
-33
0
-66
-22
-12
10
-4
-37
-33
0
-66
-22
-14
-16
-4
-42
-33
0
-66
-22
2
-5
-4
-32
-33
0
-66
-22
12
-37
-4
-10
-33
0
-66
-22
1
-102
-4
-10
-33
0
-66
-22
15
-62
-4
-2
-33
0
-66
-22
86
59
-4
68
-33
0
-66
-22
115
47
-4
120
-33
0
-66
-22
53
-75
-4
58
-33
0
-66
-22
4
-81
-4
-22
-33
0
-66
-22
9
-23
-4
-17
-33
0
-66
-22
43
-24
-4
39
-33
0
-66
-22
93
-10
-4
115
-33
0
-66
-22
96
35
-4
150
-33
32
-66
-22
59
65
-4
93
-33
108
-66
-22
36
87
-4
18
-33
0
-66
-22
13
80
-4
-1
-33
0
-66
-22
3
51
-4
23
-33
0
-66
-22
24
62
-4
51
-33
0
-66
-22
62
142
-4
64
-33
0
-66
-22
86
169
-4
67
-33
0
-66
-22
63
58
-4
39
-33
0
-66
-22
26
-9
-4
7
-33
0
-66
-22
49
47
-4
46
-33
0
-66
-22
77
78
-4
111
-33
84
-66
-22
-3
-5
-4
42
-33
582
-66
-22
-117
-57
-4
-149
-33
381
-66
-22
-183
-35
-4
-265
-33
0
-66
-22
-220
-60
435
-297
68
112
-66
-22
-252
-177
277
-297
-33
67
-66
-22
-241
-189
47
-258
-33
0
-66
-22
-197
-92
-4
-202
-33
0
-66
-22
-128
11
-4
-142
-33
0
-66
-22
-58
123
-4
-69
-33
0
-66
-22
-1
123
-4
27
-33
0
-66
-22
56
119
-4
84
-33
0
-66
-22
102
189
-4
88
-33
0
-66
-22
118
204
-4
92
-33
0
-66
-22
84
26
-4
87
-33
0
-66
-22
28
-120
-4
46
-33
0
-66
-22
63
27
-4
68
-33
0
-66
-22
164
195
-4
166
-33
0
-66
-22
145
89
-4
159
-33
0
-66
-22
41
-41
-4
63
-33
0
-66
-22
25
19
-4
59
-33
0
-66
-22
70
123
-4
93
-33
0
-66
-22
63
157
-4
56
-33
0
-66
-22
15
110
-4
-9
-33
0
-66
-22
-13
21
-4
-34
-33
0
-66
-22
-18
-21
-4
-34
-33
0
-66
-22
-18
-21
-4
-34
-33
0
-66
-22
-18
-21
-4
-34
-33
0
-66
-22
-18
-21
-4
-40
-33
0
-66
-22
-1
-2
-4
-40
-33
0
-66
-22
42
25
-4
4
-33
0
-66
-22
59
-41
-4
58
-33
0
-66
-22
28
-139
-4
41
-33
0
-66
-22
2
-102
-4
-6
-33
0
-66
-22
-7
-13
-4
-36
-33
0
-66
-22
11
26
-4
-38
-33
0
-66
-22
57
32
-4
38
-33
0
-66
-22
82
-38
-4
131
-33
0
-66
-22
89
-53
-4
137
-33
0
-66
-22
74
68
-4
76
-33
0
-66
-22
25
119
-4
28
-33
0
-66
-22
21
89
-4
56
-33
0
-66
-22
73
122
-4
128
-33
0
-66
-22
107
218
-4
157
-33
0
-66
-22
109
263
-4
126
-33
0
-66
-22
72
204
-4
57
-33
0
-66
-22
24
121
-4
-16
-33
0
-66
-22
33
66
-4
-6
-33
0
-66
-22
62
-2
-4
92
-33
0
-66
-22
37
-96
-4
112
-33
142
-66
-22
-22
-53
-4
-18
-33
465
-66
-22
-115
69
-4
-162
-33
146
-66
-22
-184
49
-4
-270
-33
222
-66
-22
-238
-133
134
-297
-33
0
-66
-22
-221
-180
-4
-246
-33
0
-66
-22
-153
-79
-4
-170
-33
0
-66
-22
-74
3
-4
-83
-33
0
-66
-22
-33
47
-4
-47
-33
0
-66
-22
8
59
-4
-9
-33
0
-66
-22
71
75
-4
74
-33
0
-66
-22
98
67
-4
142
-33
0
-66
-22
90
48
-4
145
-33
0
-66
-22
87
84
-4
130
-33
0
-66
-22
83
136
-4
90
-33
0
-66
-22
107
203
-4
65
-33
0
-66
-22
149
220
-4
110
-33
0
-66
-22
101
16
-4
107
-33
0
-66
-22
16
-140
-4
22
-33
0
-66
-22
30
-22
-4
14
-33
0
-66
-22
85
71
-4
78
-33
0
-66
-22
60
-5
-4
70
-33
0
-66
-22
1
-66
-4
-1
-33
0
-66
-22
-19
-43
-4
-34
-33
0
-66
-22
-18
-21
-4
-34
-33
0
-66
-22
-18
-21
-4
-34
-33
0
-66
-22
-18
-21
-4
-34
-33
0
-66
-22
-18
-21
-4
-37
-33
0
-66
-22
-13
-15
-4
-40
-33
0
-66
-22
-1
-11
-4
-15
-33
0
-66
-22
14
-21
-4
39
-33
0
-66
-22
36
-4
-4
67
-33
0
-66
-22
47
63
-4
43
-33
0
-66
-22
28
104
-4
-5
-33
0
-66
-22
6
64
-4
-35
-33
0
-66
-22
5
5
-4
-23
-33
0
-66
-22
37
-15
-4
20
-33
0
-66
-22
88
0
-4
80
-33
0
-66
-22
75
-23
-4
85
-33
0
-66
-22
9
-70
-4
15
-33
0
-66
-22
22
-2
-4
5
-33
0
-66
-22
88
81
-4
82
-33
0
-66
-22
114
59
-4
124
-33
0
-66
-22
108
24
-4
117
-33
0
-66
-22
62
-26
-4
72
-33
0
-66
-22
5
-65
-4
-4
-33
0
-66
-22
-6
-32
-4
-32
-33
0
-66
-22
14
-16
-4
1
-33
0
-66
-22
46
-23
-4
39
-33
0
-66
-22
36
-38
-4
13
-33
155
-66
-22
-86
-132
-4
-114
-33
167
-66
-22
-175
-164
-4
-245
-33
177
-66
-22
-236
-227
-4
-297
-33
0
-66
-22
-206
-166
-4
-223
-33
0
-66
-11
-120
-43
-4
-133
-33
0
-66
-22
-30
29
-4
-39
-33
0
-66
-22
-3
34
-4
-24
-33
0
-66
-22
13
42
-4
-15
-33
0
-66
-22
55
54
-4
50
-33
0
-66
-22
93
17
-4
125
-33
0
-66
-22
111
13
-4
156
-33
0
-66
-22
118
125
-4
164
-33
0
-66
-22
120
219
-4
144
-33
0
-66
-22
116
227
-4
109
-33
0
-66
-22
107
170
-4
88
-33
0
-66
-22
67
-12
-4
54
-33
0
-66
-22
15
-119
-4
-12
-33
0
-66
-22
17
-31
-4
-30
-33
0
-66
-22
48
-1
-4
19
-33
0
-66
-22
30
-117
-4
30
-33
0
-66
-22
-5
-155
-4
1
-33
0
-66
-22
-9
-51
-4
-2
-33
0
-66
-22
4
27
-4
11
-33
0
-66
-22
14
55
-4
11
-33
0
-66
-22
14
63
-4
-3
-33
0
-66
-22
5
44
-4
-20
-33
0
-66
-22
-7
16
-4
-31
-33
0
-66
-22
-16
-10
-4
-22
-33
0
-66
-22
3
9
-4
24
-33
0
-66
-22
58
86
-4
83
-33
0
-66
-22
80
132
-4
89
-33
0
-66
-22
38
106
-4
28
-33
0
-66
-22
-4
41
-4
-23
-33
0
-66
-22
-17
-10
-4
-35
-33
0
-66
-22
8
17
-4
-13
-33
0
-66
-22
61
53
-4
41
-33
0
-66
-22
64
-36
-4
55
-33
0
-66
-22
16
-121
-4
-8
-33
0
-66
-22
13
-41
-4
-37
-33
0
-66
-22
51
13
-4
6
-33
0
-66
-22
66
-76
-4
35
-33
0
-66
-22
62
-145
-4
42
-33
0
-66
-22
32
-173
-4
30
-33
0
-66
-22
-6
-162
-4
-12
-33
0
-66
-22
-19
-74
-4
-38
-33
0
-66
-22
-10
-11
-4
-43
-33
0
-66
-22
22
13
-4
-29
-33
0
-66
-22
19
-64
-4
-33
-33
0
-66
-22
-96
-279
-4
-139
-33
1
-66
-22
-180
-304
-4
-256
-33
84
-66
-22
-238
-286
-4
-276
-33
3
-66
-22
-188
-135
-4
-171
-33
0
-66
29
-79
42
-4
-60
-33
0
-66
-22
25
140
-4
30
-33
0
-66
-22
35
150
-4
27
-33
0
-66
-22
23
112
-4
42
-33
0
-66
-22
56
112
-4
77
-33
0
-66
-22
105
162
-4
83
-33
0
-66
-22
129
173
-4
88
-33
0
-66
-22
118
68
-4
97
-33
0
-66
-22
106
-31
-4
126
-33
0
-66
-22
94
-39
-4
161
-33
0
-66
-22
88
6
-4
132
-33
64
-66
-22
74
79
-4
60
-33
0
-66
-22
29
90
-4
-9
-33
0
-66
-22
-2
24
-4
-36
-33
0
-66
-22
-3
-20
-4
-24
-33
0
-66
-22
-7
-55
-4
-13
-33
0
-66
-22
-9
-52
-4
15
-33
0
-66
-22
18
34
-4
71
-33
0
-66
-22
63
137
-4
120
-33
0
-66
-22
91
229
-4
125
-33
0
-66
-22
87
252
-4
82
-33
0
-66
-22
52
188
-4
22
-33
0
-66
-22
10
96
-4
-21
-33
0
-66
-22
-13
11
-4
-36
-33
0
-66
-22
5
5
-4
-23
-33
0
-66
-22
60
47
-4
34
-33
0
-66
-22
72
-2
-4
72
-33
0
-66
-22
22
-98
-4
29
-33
0
-66
-22
-13
-88
-4
-23
-33
0
-66
-22
-19
-35
-4
-13
-33
0
-66
-22
6
24
-4
43
-33
0
-66
-22
61
104
-4
87
-33
0
-66
-22
75
129
-4
64
-33
0
-66
-22
32
94
-4
-4
-33
0
-66
-22
-1
34
-4
-37
-33
0
-66
-22
-3
-13
-4
-29
-33
0
-66
-22
1
-44
-4
-22
-33
0
-66
-22
0
-65
-4
-20
-33
0
-66
-22
-6
-71
-4
-21
-33
0
-66
-22
-15
-66
-4
-29
-33
0
-66
-22
-18
-38
-4
-35
-33
0
-66
-22
-17
-19
-4
-38
-33
0
-66
-22
-10
-14
-4
-43
-33
0
-66
-22
-31
-64
-4
-79
-33
60
-66
-22
-126
-205
-4
-179
-33
21
-66
-22
-195
-235
-4
-274
-33
100
-66
-22
-244
-255
-4
-202
-33
149
-66
85
-122
-35
-4
-105
-33
0
-66
-22
2
170
-4
-19
-33
0
-66
-22
77
209
-4
74
-33
0
-66
-22
39
99
-4
49
-33
0
-66
-22
22
56
-4
37
-33
0
-66
-22
73
101
-4
82
-33
0
-66
-22
99
134
-4
85
-33
0
-66
-22
75
93
-4
43
-33
0
-66
-22
52
-32
-4
15
-33
0
-66
-22
46
-125
-4
49
-33
0
-66
-22
73
-90
-4
128
-33
0
-66
-22
127
26
-4
171
-33
0
-66
-22
114
128
-4
118
-33
9
-66
-22
36
121
-4
14
-33
0
-66
-22
-10
27
-4
-32
-33
0
-66
-22
-17
-17
-4
-16
-33
0
-66
-22
-7
6
-4
14
-33
0
-66
-22
22
56
-4
60
-33
0
-66
-22
85
157
-4
132
-33
0
-66
-22
149
257
-4
205
-33
0
-66
-22
173
303
-4
229
-33
0
-66
-22
157
295
-4
194
-33
21
-66
-22
103
227
-4
123
-33
27
-66
-22
50
156
-4
56
-33
0
-66
-22
31
114
-4
20
-33
0
-66
-22
38
106
-4
-4
-33
0
-66
-22
52
87
-4
1
-33
0
-66
-22
41
-19
-4
15
-33
0
-66
-22
6
-132
-4
-3
-33
0
-66
-22
-15
-105
-4
-28
-33
0
-66
-22
-18
-38
-4
-20
-33
0
-66
-22
15
24
-4
32
-33
0
-66
-22
83
107
-4
98
-33
0
-66
-22
84
119
-4
93
-33
33
-66
-22
19
56
-4
13
-33
0
-66
-22
-15
3
-4
-33
-33
0
-66
-22
-19
-20
-4
-34
-33
0
-66
-22
-18
-21
-4
-33
-33
0
-66
-22
-17
-18
-4
-17
-33
0
-66
-22
-8
5
-4
8
-33
0
-66
-22
10
39
-4
27
-33
0
-66
-22
25
81
-4
29
-33
0
-66
-22
27
96
-4
12
-33
0
-66
-22
16
71
-4
-10
-33
0
-66
-22
-22
12
-4
-37
-33
108
-66
-22
-102
-82
-4
-105
-33
249
-66
-22
-143
-76
-4
-217
-33
242
-66
-22
-197
-115
157
-92
-33
115
-66
96
-14
125
-4
0
-33
0
-66
-22
73
332
-4
3
-33
0
-66
-22
86
209
-4
55
-33
0
-66
-22
26
-86
-4
20
-33
0
-66
-22
12
-92
-4
-21
-33
0
-66
-22
62
16
-4
26
-33
0
-66
-22
66
-52
-4
62
-33
0
-66
-22
16
-158
-4
19
-33
0
-66
-22
-9
-115
-4
-22
-33
0
-66
-22
-9
-46
-4
-5
-33
0
-66
-22
52
50
-4
76
-33
0
-66
-22
160
169
-4
180
-33
0
-66
-22
150
112
-4
163
-33
0
-66
-22
47
6
-4
34
-33
0
-66
-22
-9
-17
-4
-27
-33
0
-66
-22
-12
-7
-4
12
-33
0
-66
-22
21
52
-4
79
-33
0
-66
-22
84
163
-4
137
-33
0
-66
-22
162
310
-4
191
-33
0
-66
-22
218
356
-4
249
-33
0
-66
-22
232
270
-4
281
-33
0
-66
-22
215
204
-4
280
-33
0
-66
-22
166
170
-4
241
-33
0
-66
-22
124
199
-4
187
-33
0
-66
-22
114
280
-4
146
-33
0
-66
-22
100
288
-4
91
-33
0
-66
-22
59
209
-4
26
-33
0
-66
-22
14
90
-4
-17
-33
0
-66
-22
-10
-11
-4
-30
-33
0
-66
-22
-17
-32
-4
-33
-33
0
-66
-22
-18
-24
-4
-42
-33
0
-66
-22
14
14
-4
-30
-33
0
-66
-22
71
42
-4
37
-33
0
-66
-22
62
-72
-4
67
-33
0
-66
-22
3
-173
-4
9
-33
0
-66
-22
-20
-98
-4
-33
-33
0
-66
-22
-18
-24
-4
-34
-33
0
-66
-22
-18
-21
-4
-30
-33
0
-66
-22
-14
-13
-4
8
-33
0
-66
-22
18
46
-4
76
-33
0
-66
-22
71
144
-4
138
-33
0
-66
-22
104
253
-4
152
-33
0
-66
-22
104
293
-4
110
-33
0
-66
-22
68
228
-4
59
-33
0
-66
-22
13
131
-4
52
-33
0
-66
-22
-26
66
-4
44
-33
248
-66
-22
-24
151
-4
-73
-33
581
-66
-22
-128
110
449
-50
-33
0
-66
-22
86
185
-4
118
-33
4
-66
-22
87
230
-4
57
-33
0
-66
-22
41
98
-4
14
-33
0
-66
-22
2
-85
-4
-18
-33
0
-66
-22
-5
-81
-4
-39
-33
0
-66
-22
13
-19
-4
-21
-33
0
-66
-22
15
-72
-4
-1
-33
0
-66
-22
-5
-130
-4
-1
-33
0
-66
-22
-7
-58
-4
15
-33
0
-66
-22
14
41
-4
30
-33
0
-66
-22
80
143
-4
59
-33
0
-66
-22
160
212
-4
152
-33
0
-66
-22
132
77
-4
181
-33
54
-66
-22
55
-33
-4
81
-33
50
-66
-22
25
33
-4
6
-33
0
-66
-22
17
78
-4
20
-33
0
-66
-22
60
112
-4
101
-33
0
-66
-22
147
203
-4
200
-33
0
-66
-22
206
294
-4
252
-33
0
-66
-22
232
302
-4
271
-33
0
-66
-22
239
238
-4
285
-33
0
-66
-22
233
196
-4
290
-33
0
-66
-22
215
186
-4
281
-33
0
-66
-22
197
219
-4
261
-33
0
-66
-22
192
282
-4
246
-33
0
-66
-22
166
276
-4
210
-33
41
-66
-22
103
206
-4
124
-33
61
-66
-22
49
139
-4
31
-33
0
-66
-22
17
86
-4
-16
-33
0
-66
-22
-5
31
-4
-32
-33
0
-66
-22
-16
-12
-4
-41
-33
0
-66
-22
-6
-5
-4
-43
-33
0
-66
-22
16
-6
-4
-16
-33
0
-66
-22
14
-85
-4
1
-33
0
-66
-22
-8
-136
-4
-19
-33
0
-66
-22
-18
-73
-4
-34
-33
0
-66
-22
-18
-21
-4
-34
-33
0
-66
-22
-18
-21
-4
-32
-33
0
-66
-22
-12
-13
-4
-15
-33
0
-66
-22
37
45
-4
44
-33
0
-66
-22
102
116
-4
126
-33
0
-66
-22
128
141
-4
166
-33
0
-66
-22
119
138
-4
163
-33
0
-66
-22
80
109
-4
138
-33
62
-66
-22
55
107
-4
119
-33
0
-66
-22
90
187
-4
146
-33
0
-66
-22
119
283
-4
79
-33
651
-66
-22
-77
50
-4
-50
-33
0
-66
-22
142
172
-4
178
-33
0
-66
-22
98
41
-4
96
-33
0
-66
-22
16
-23
-4
-5
-33
0
-66
-22
-15
-24
-4
-34
-33
0
-66
-22
-18
-21
-4
-34
-33
0
-66
-22
-18
-21
-4
-34
-33
0
-66
-22
-18
-21
-4
-34
-33
0
-66
-22
-18
-21
-4
-10
-33
0
-66
-22
7
22
-4
52
-33
0
-66
-22
62
112
-4
85
-33
0
-66
-22
106
209
-4
67
-33
0
-66
-22
117
202
-4
100
-33
0
-66
-22
97
9
-4
156
-33
0
-66
-22
85
-58
-4
136
-33
27
-66
-22
69
105
-4
74
-33
0
-66
-22
41
169
-4
38
-33
0
-66
-22
87
168
-4
94
-33
0
-66
-22
179
200
-4
214
-33
0
-66
-22
224
194
-4
274
-33
0
-66
-22
234
184
-4
280
-33
0
-66
-22
238
198
-4
282
-33
0
-66
-22
239
203
-4
282
-33
0
-66
-22
239
203
-4
282
-33
0
-66
-22
239
203
-4
282
-33
0
-66
-22
239
203
-4
289
-33
0
-66
-22
217
179
-4
286
-33
0
-66
-22
167
152
-4
225
-33
0
-66
-22
112
177
-4
122
-33
12
-66
-22
56
187
-4
36
-33
0
-66
-22
13
108
-4
-15
-33
0
-66
-22
-8
21
-4
-30
-33
0
-66
-22
-15
-9
-4
-34
-33
0
-66
-22
-18
-19
-4
-34
-33
0
-66
-22
-18
-21
-4
-34
-33
0
-66
-22
-18
-21
-4
-34
-33
0
-66
-22
-18
-21
-4
-34
-33
0
-66
-22
-18
-21
-4
-29
-33
0
-66
-22
-15
-13
-4
-23
-33
0
-66
-22
-4
3
-4
-30
-33
0
-66
-22
38
48
-4
-16
-33
0
-66
-22
85
38
-4
36
-33
0
-66
-22
97
-76
-4
77
-33
0
-66
-22
93
-145
-4
122
-33
0
-66
-22
87
-116
-4
158
-33
0
-66
-22
106
23
-4
164
-33
0
-66
-22
170
260
-4
205
-33
0
-66
-22
206
305
-4
165
-33
499
-66
-22
-41
-130
-4
-50
-33
0
-66
-22
142
172
-4
178
-33
0
-66
-22
98
41
-4
96
-33
0
-66
-22
16
-23
-4
-5
-33
0
-66
-22
-15
-24
-4
-34
-33
0
-66
-22
-18
-21
-4
-34
-33
0
-66
-22
-18
-21
-4
-34
-33
0
-66
-22
-18
-21
-4
-34
-33
0
-66
-22
-18
-21
-4
-30
-33
0
-66
-22
18
22
-4
7
-33
0
-66
-22
85
84
-4
74
-33
0
-66
-22
88
52
-4
82
-33
0
-66
-22
39
-29
-4
35
-33
0
-66
-22
49
-41
-4
45
-33
0
-66
-22
97
0
-4
123
-33
0
-66
-22
89
36
-4
148
-33
38
-66
-22
64
66
-4
89
-33
0
-66
-22
105
169
-4
79
-33
0
-66
-22
161
204
-4
162
-33
0
-66
-22
187
119
-4
237
-33
0
-66
-22
212
104
-4
271
-33
0
-66
-22
233
172
-4
282
-33
0
-66
-22
239
203
-4
282
-33
0
-66
-22
239
203
-4
282
-33
0
-66
-22
239
203
-4
282
-33
0
-66
-22
239
203
-4
285
-33
0
-66
-22
233
195
-4
288
-33
0
-66
-22
217
191
-4
274
-33
0
-66
-22
178
192
-4
230
-33
2
-66
-22
113
174
-4
139
-33
46
-66
-22
61
148
-4
43
-33
0
-66
-22
23
105
-4
-10
-33
0
-66
-22
-5
40
-4
-31
-33
0
-66
-22
-17
-13
-4
-34
-33
0
-66
-22
-18
-21
-4
-34
-33
0
-66
-22
-18
-21
-4
-34
-33
0
-66
-22
-18
-21
-4
-33
-33
0
-66
-22
-18
-20
-4
-10
-33
0
-66
-22
0
16
-4
31
-33
0
-66
-22
32
75
-4
40
-33
0
-66
-22
51
121
-4
12
-33
0
-66
-22
42
91
-4
-9
-33
0
-66
-22
25
-31
-4
-9
-33
0
-66
-22
27
-90
-4
12
-33
0
-66
-22
65
-45
-4
67
-33
0
-66
-22
116
34
-4
149
-33
0
-66
-22
167
129
-4
213
-33
0
-66
-22
199
161
-4
171
-33
462
-66
-22
-45
-190
-4
-50
-33
0
-66
-22
142
172
-4
178
-33
0
-66
-22
98
41
-4
96
-33
0
-66
-22
16
-23
-4
-5
-33
0
-66
-22
-15
-24
-4
-34
-33
0
-66
-22
-18
-21
-4
-34
-33
0
-66
-22
-18
-21
-4
-34
-33
0
-66
-22
-18
-21
-4
-34
-33
0
-66
-22
-18
-21
-4
-43
-33
0
-66
-22
8
9
-4
-38
-33
0
-66
-22
54
23
-4
17
-33
0
-66
-22
46
-95
-4
43
-33
0
-66
-22
0
-182
-4
-13
-33
0
-66
-22
13
-60
-4
-31
-33
0
-66
-22
60
20
-4
54
-33
0
-66
-22
81
-53
-4
128
-33
0
-66
-22
94
-31
-4
114
-33
0
-66
-22
104
119
-4
78
-33
0
-66
-22
105
137
-4
101
-33
0
-66
-22
139
43
-4
178
-33
0
-66
-22
199
62
-4
254
-33
0
-66
-22
233
159
-4
278
-33
0
-66
-22
237
198
-4
267
-33
0
-66
-22
230
182
-4
257
-33
0
-66
-22
222
166
-4
260
-33
0
-66
-22
223
162
-4
271
-33
0
-66
-22
231
176
-4
280
-33
0
-66
-22
238
196
-4
289
-33
0
-66
-22
219
180
-4
287
-33
0
-66
-22
175
161
-4
231
-33
0
-66
-22
123
188
-4
139
-33
26
-66
-22
62
184
-4
51
-33
0
-66
-22
18
106
-4
-9
-33
0
-66
-22
-3
31
-4
-28
-33
0
-66
-22
-14
-2
-4
-34
-33
0
-66
-22
-18
-19
-4
-34
-33
0
-66
-22
-18
-21
-4
-33
-33
0
-66
-22
-17
-19
-4
-8
-33
0
-66
-22
19
36
-4
53
-33
0
-66
-22
75
117
-4
98
-33
0
-66
-22
68
144
-4
66
-33
0
-66
-22
16
99
-4
-4
-33
0
-66
-22
-14
17
-4
-35
-33
0
-66
-22
-8
-7
-4
-30
-33
0
-66
-22
35
37
-4
13
-33
0
-66
-22
95
50
-4
96
-33
0
-66
-22
152
32
-4
165
-33
0
-66
-22
181
47
-4
141
-33
357
-66
-22
-60
-261
-4
-50
-33
0
-66
-22
142
172
-4
178
-33
0
-66
-22
98
41
-4
96
-33
0
-66
-22
16
-23
-4
-5
-33
0
-66
-22
-15
-24
-4
-34
-33
0
-66
-22
-18
-21
-4
-34
-33
0
-66
-22
-18
-21
-4
-34
-33
0
-66
-22
-18
-21
-4
-34
-33
0
-66
-22
-18
-21
-4
-38
-33
0
-66
-22
-12
-13
-4
-39
-33
0
-66
-22
0
-13
-4
-24
-33
0
-66
-22
-2
-56
-4
-16
-33
0
-66
-22
-13
-81
-4
-31
-33
0
-66
-22
-10
-37
-4
-37
-33
0
-66
-22
5
-11
-4
-20
-33
0
-66
-22
44
-11
-4
21
-33
0
-66
-22
88
2
-4
73
-33
0
-66
-22
68
-41
-4
72
-33
0
-66
-22
37
-66
-4
57
-33
0
-66
-22
97
37
-4
128
-33
0
-66
-22
191
150
-4
237
-33
0
-66
-22
233
192
-4
270
-33
0
-66
-22
230
185
-4
231
-33
0
-66
-22
199
127
-4
190
-33
0
-66
-22
171
65
-4
194
-33
0
-66
-22
183
49
-4
236
-33
0
-66
-22
215
104
-4
272
-33
0
-66
-22
235
178
-4
284
-33
0
-66
-22
234
197
-4
287
-33
0
-66
-22
223
194
-4
279
-33
0
-66
-22
185
186
-4
246
-33
0
-66
-22
123
170
-4
157
-33
59
-66
-22
72
163
-4
54
-33
0
-66
-22
28
131
-4
-6
-33
0
-66
-22
-5
48
-4
-32
-33
0
-66
-22
-17
-15
-4
-34
-33
0
-66
-22
-18
-21
-4
-35
-33
0
-66
-22
-17
-19
-4
-34
-33
0
-66
-22
25
28
-4
0
-33
0
-66
-22
82
62
-4
69
-33
0
-66
-22
61
-25
-4
71
-33
0
-66
-22
1
-94
-4
1
-33
0
-66
-22
-19
-54
-4
-28
-33
0
-66
-22
-10
-6
-4
5
-33
0
-66
-22
28
55
-4
53
-33
0
-66
-22
85
123
-4
79
-33
0
-66
-22
133
163
-4
106
-33
0
-66
-22
140
109
-4
83
-33
281
-66
-22
-88
-293
-4
-84
-33
0
-66
-22
119
127
-4
147
-33
0
-66
-22
75
-21
-4
82
-33
0
-66
-22
4
-63
-4
-8
-33
0
-66
-22
-17
-34
-4
-34
-33
0
-66
-22
-18
-21
-4
-34
-33
0
-66
-22
-18
-21
-4
-25
-33
0
-66
-22
-13
-7
-4
-4
-33
0
-66
-22
1
21
-4
4
-33
0
-66
-22
10
41
-4
-9
-33
0
-66
-22
2
38
-4
-26
-33
0
-66
-22
-12
6
-4
-34
-33
0
-66
-22
-18
-19
-4
-34
-33
0
-66
-22
-18
-21
-4
-35
-33
0
-66
-22
-16
-18
-4
-43
-33
0
-66
-22
9
9
-4
-33
-33
0
-66
-22
40
-2
-4
10
-33
0
-66
-22
26
-112
-4
23
-33
0
-66
-22
9
-132
-4
12
-33
0
-66
-22
73
36
-4
77
-33
0
-66
-22
164
149
-4
198
-33
0
-66
-22
208
147
-4
256
-33
0
-66
-22
209
135
-4
232
-33
0
-66
-22
168
98
-4
176
-33
0
-66
-22
139
63
-4
153
-33
0
-66
-22
174
83
-4
203
-33
0
-66
-22
221
143
-4
264
-33
0
-66
-22
238
191
-4
274
-33
0
-66
-22
235
192
-4
255
-33
0
-66
-22
222
166
-4
243
-33
0
-66
-22
189
110
-4
232
-33
0
-66
-22
146
72
-4
183
-33
0
-66
-22
93
89
-4
101
-33
25
-66
-22
27
76
-4
28
-33
0
-66
-22
-5
35
-4
3
-33
0
-66
-22
4
28
-4
6
-33
0
-66
-22
11
43
-4
-10
-33
0
-66
-22
2
40
-4
-37
-33
0
-66
-22
13
32
-4
-34
-33
0
-66
-22
41
5
-4
24
-33
0
-66
-22
36
-88
-4
56
-33
0
-66
-22
16
-109
-4
21
-33
0
-66
-22
8
-11
-4
-9
-33
0
-66
-22
9
46
-4
8
-33
0
-66
-22
45
76
-4
64
-33
0
-66
-22
95
137
-4
110
-33
0
-66
-22
107
166
-4
114
-33
0
-66
-22
103
108
-4
49
-33
288
-66
-22
-93
-249
-4
-149
-33
0
-66
-22
64
34
-4
71
-33
0
-66
-22
33
-145
-4
41
-33
0
-66
-22
-11
-139
-4
-16
-33
0
-66
-22
-19
-52
-4
-34
-33
0
-66
-22
-18
-21
-4
-34
-33
0
-66
-22
-18
-21
-4
-10
-33
0
-66
-22
3
19
-4
50
-33
0
-66
-22
51
104
-4
89
-33
7
-66
-22
68
167
-4
59
-33
0
-66
-22
32
154
-4
-2
-33
0
-66
-22
-5
56
-4
-32
-33
0
-66
-22
-18
-17
-4
-34
-33
0
-66
-22
-18
-21
-4
-35
-33
0
-66
-22
-18
-20
-4
-37
-33
0
-66
-22
-13
-16
-4
-35
-33
0
-66
-22
-8
-22
-4
-27
-33
0
-66
-22
-10
-45
-4
-28
-33
0
-66
-22
-5
-39
-4
-36
-33
0
-66
-22
43
22
-4
7
-33
0
-66
-22
107
43
-4
117
-33
0
-66
-22
159
19
-4
218
-33
0
-66
-22
189
49
-4
265
-33
0
-66
-22
168
108
-4
237
-33
0
-66
-22
151
190
-4
187
-33
0
-66
-22
192
296
-4
211
-33
0
-66
-22
232
302
-4
264
-33
0
-66
-22
240
232
-4
262
-33
0
-66
-22
222
170
-4
205
-33
0
-66
-22
177
89
-4
142
-33
0
-66
-22
131
-19
-4
104
-33
0
-66
-22
106
-103
-4
97
-33
0
-66
-22
68
-139
-4
77
-33
0
-66
-22
9
-156
-4
43
-33
0
-66
-22
6
-48
-4
63
-33
0
-66
-22
57
109
-4
93
-33
28
-66
-22
70
175
-4
56
-33
0
-66
-22
28
154
-4
-10
-33
0
-66
-22
-3
51
-4
-31
-33
0
-66
-22
-4
-11
-4
14
-33
0
-66
-22
24
20
-4
76
-33
0
-66
-22
63
97
-4
89
-33
0
-66
-22
61
160
-4
39
-33
0
-66
-22
31
142
-4
-17
-33
0
-66
-22
47
81
-4
14
-33
0
-66
-22
84
31
-4
114
-33
0
-66
-22
91
-9
-4
152
-33
0
-66
-22
102
53
-4
65
-33
451
-66
-22
-81
-119
-4
-134
-33
0
-66
-22
34
48
-4
41
-33
0
-66
-22
34
-47
-4
12
-33
0
-66
-22
1
-57
-4
-24
-33
0
-66
-22
-15
-31
-4
-24
-33
0
-66
-22
-12
-5
-4
2
-33
0
-66
-22
5
30
-4
26
-33
0
-66
-22
52
99
-4
61
-33
0
-66
-22
111
178
-4
109
-33
0
-66
-22
95
143
-4
99
-33
26
-66
-22
22
48
-4
19
-33
0
-66
-22
-15
-2
-4
-31
-33
0
-66
-22
-18
-21
-4
-34
-33
0
-66
-22
-18
-21
-4
-33
-33
0
-66
-22
-17
-18
-4
-16
-33
0
-66
-22
-7
6
-4
10
-33
0
-66
-22
11
42
-4
14
-33
0
-66
-22
17
61
-4
-9
-33
0
-66
-22
7
54
-4
-37
-33
0
-66
-22
11
24
-4
-26
-33
0
-66
-22
47
3
-4
49
-33
0
-66
-22
122
25
-4
155
-33
0
-66
-22
190
80
-4
230
-33
0
-66
-22
188
117
-4
220
-33
0
-66
-22
162
148
-4
176
-33
0
-66
-22
165
185
-4
176
-33
0
-66
-22
180
153
-4
198
-33
0
-66
-22
184
86
-4
195
-33
0
-66
-22
156
28
-4
152
-33
0
-66
-22
92
-48
-4
73
-33
0
-66
-22
47
-105
-4
13
-33
0
-66
-22
37
-131
-4
21
-33
0
-66
-22
30
-130
-4
50
-33
0
-66
-22
23
-97
-4
51
-33
0
-66
-22
60
45
-4
67
-33
0
-66
-22
119
183
-4
130
-33
0
-66
-22
101
161
-4
141
-33
143
-66
-22
44
97
-4
61
-33
60
-66
-22
21
76
-4
-2
-33
0
-66
-22
12
62
-4
-3
-33
0
-66
-22
42
73
-4
48
-33
0
-66
-22
92
112
-4
105
-33
0
-66
-22
68
92
-4
75
-33
25
-66
-22
12
36
-4
-10
-33
0
-66
-22
8
12
-4
-19
-33
0
-66
-22
43
-6
-4
63
-33
0
-66
-22
98
6
-4
142
-33
0
-66
-22
138
90
-4
104
-33
494
-66
-22
-70
-113
-4
-84
-33
0
-66
-22
44
127
-4
78
-33
0
-66
-22
45
155
-4
30
-33
0
-66
-22
9
94
-4
-16
-33
0
-66
-22
-10
17
-4
-9
-33
0
-66
-22
5
25
-4
51
-33
0
-66
-22
55
109
-4
89
-33
0
-66
-22
106
213
-4
75
-33
0
-66
-22
126
232
-4
74
-33
0
-66
-22
80
14
-4
70
-33
0
-66
-22
8
-174
-4
11
-33
0
-66
-22
-19
-107
-4
-32
-33
0
-66
-22
-19
-26
-4
-34
-33
0
-66
-22
-18
-21
-4
-31
-33
0
-66
-22
-15
-16
-4
3
-33
0
-66
-22
16
39
-4
65
-33
0
-66
-22
64
127
-4
91
-33
2
-66
-22
63
175
-4
49
-33
0
-66
-22
19
136
-4
-12
-33
0
-66
-22
-11
31
-4
-28
-33
0
-66
-22
7
13
-4
19
-33
0
-66
-22
95
116
-4
111
-33
0
-66
-22
181
174
-4
175
-33
0
-66
-22
178
109
-4
147
-33
0
-66
-22
133
-2
-4
96
-33
0
-66
-22
110
-93
-4
84
-33
0
-66
-22
109
-125
-4
87
-33
0
-66
-22
111
-121
-4
95
-33
0
-66
-22
86
-147
-4
90
-33
0
-66
-22
31
-177
-4
40
-33
0
-66
-22
-2
-111
-4
-9
-33
0
-66
-22
-6
-22
-4
6
-33
0
-66
-22
17
39
-4
69
-33
0
-66
-22
68
129
-4
97
-33
0
-66
-22
113
232
-4
71
-33
0
-66
-22
128
231
-4
105
-33
0
-66
-22
102
31
-4
164
-33
0
-66
-22
83
-52
-4
135
-33
70
-66
-22
67
105
-4
56
-33
0
-66
-22
29
155
-4
-17
-33
0
-66
-22
37
85
-4
-18
-33
0
-66
-22
75
14
-4
49
-33
0
-66
-22
48
-122
-4
55
-33
0
-66
-22
-4
-176
-4
-5
-33
0
-66
-22
-19
-78
-4
-29
-33
0
-66
-22
9
14
-4
13
-33
0
-66
-22
93
106
-4
104
-33
0
-66
-22
151
129
-4
115
-33
402
-66
-22
-69
-206
-4
-146
-33
0
-66
-22
40
47
-4
84
-33
0
-66
-22
34
-8
-4
84
-33
159
-66
-22
23
10
-4
34
-33
0
-66
-22
17
67
-4
10
-33
0
-66
-22
37
98
-4
61
-33
0
-66
-22
113
166
-4
140
-33
0
-66
-22
142
190
-4
138
-33
0
-66
-22
87
121
-4
59
-33
0
-66
-22
27
-23
-4
5
-33
0
-66
-22
-6
-115
-4
-19
-33
0
-66
-22
-17
-71
-4
-33
-33
0
-66
-22
-18
-24
-4
-34
-33
0
-66
-22
-18
-21
-4
-34
-33
0
-66
-22
-14
-16
-4
-20
-33
0
-66
-22
32
38
-4
30
-33
0
-66
-22
91
93
-4
94
-33
0
-66
-22
67
49
-4
78
-33
11
-66
-22
4
-17
-4
0
-33
0
-66
-22
-18
-27
-4
-27
-33
0
-66
-22
5
12
-4
17
-33
0
-66
-22
94
122
-4
111
-33
0
-66
-22
170
168
-4
173
-33
0
-66
-22
134
72
-4
125
-33
0
-66
-22
67
-21
-4
63
-33
0
-66
-22
57
-35
-4
68
-33
0
-66
-22
79
5
-4
91
-33
0
-66
-22
94
57
-4
101
-33
0
-66
-22
89
64
-4
104
-33
0
-66
-22
70
60
-4
91
-33
0
-66
-22
58
104
-4
75
-33
0
-66
-22
55
155
-4
78
-33
0
-66
-22
91
210
-4
121
-33
0
-66
-22
159
278
-4
169
-33
0
-66
-22
154
239
-4
135
-33
0
-66
-22
80
113
-4
57
-33
0
-66
-22
63
8
-4
54
-33
0
-66
-22
101
-6
-4
107
-33
0
-66
-22
76
14
-4
88
-33
21
-66
-22
10
-13
-4
-1
-33
0
-66
-22
-2
-9
-4
-37
-33
0
-66
-22
14
-21
-4
-13
-33
0
-66
-22
6
-95
-4
-6
-33
0
-66
-22
-12
-113
-4
-25
-33
0
-66
-22
-18
-53
-4
-41
-33
0
-66
-22
-2
-6
-4
-49
-33
0
-66
-22
49
22
-4
-8
-33
0
-66
-22
73
-33
-4
27
-33
203
-66
-22
-130
-350
-4
-244
-33
0
-66
-22
-28
-98
-4
-13
-33
0
-66
-22
15
-224
-4
66
-33
0
-66
-22
52
-90
-4
79
-33
0
-66
-22
36
82
-4
34
-33
0
-66
-22
46
128
-4
45
-33
0
-66
-22
131
162
-4
137
-33
0
-66
-22
147
99
-4
160
-33
0
-66
-22
59
-24
-4
57
-33
0
-66
-22
-4
-43
-4
-24
-33
0
-66
-22
-17
-24
-4
-34
-33
0
-66
-22
-18
-21
-4
-34
-33
0
-66
-22
-18
-21
-4
-34
-33
0
-66
-22
-18
-21
-4
-35
-33
0
-66
-22
-15
-17
-4
-44
-33
0
-66
-22
21
19
-4
-27
-33
0
-66
-22
64
12
-4
34
-33
0
-66
-22
42
-122
-4
44
-33
0
-66
-22
-5
-177
-4
-8
-33
0
-66
-22
-19
-78
-4
-29
-33
0
-66
-22
4
9
-4
6
-33
0
-66
-22
88
107
-4
95
-33
0
-66
-22
151
133
-4
162
-33
0
-66
-22
99
23
-4
117
-33
0
-66
-22
33
-19
-4
61
-33
0
-66
-22
48
66
-4
95
-33
0
-66
-22
91
170
-4
147
-33
0
-66
-22
110
245
-4
161
-33
0
-66
-22
113
270
-4
161
-33
0
-66
-22
113
270
-4
161
-33
0
-66
-22
113
270
-4
161
-33
0
-66
-22
113
270
-4
157
-33
0
-66
-22
144
309
-4
175
-33
0
-66
-22
203
342
-4
216
-33
0
-66
-22
172
186
-4
176
-33
0
-66
-22
57
-2
-4
34
-33
0
-66
-22
26
9
-4
-32
-33
0
-66
-22
65
25
-4
31
-33
0
-66
-22
49
-112
-4
51
-33
0
-66
-22
-2
-188
-4
-3
-33
0
-66
-22
-19
-88
-4
-34
-33
0
-66
-22
-18
-21
-4
-34
-33
0
-66
-22
-18
-21
-4
-33
-33
0
-66
-22
-17
-18
-4
-25
-33
0
-66
-22
-12
-7
-4
-32
-33
0
-66
-22
-7
-2
-4
-86
-33
0
-66
-22
-13
-47
-4
-122
-33
0
-66
-22
-34
-182
-4
-111
-33
0
-66
-22
-182
-350
-4
-290
-33
0
-66
-22
-134
-158
-4
-165
-33
0
-66
-22
-31
-142
-4
-52
-33
0
-66
-22
50
-62
-4
60
-33
0
-66
-22
26
-63
-4
33
-33
0
-66
-22
24
-15
-4
2
-33
0
-66
-22
91
67
-4
68
-33
0
-66
-22
97
-7
-4
104
-33
0
-66
-22
27
-127
-4
35
-33
0
-66
-22
-14
-94
-4
-26
-33
0
-66
-22
-19
-31
-4
-34
-33
0
-66
-22
-18
-21
-4
-34
-33
0
-66
-22
-18
-21
-4
-34
-33
0
-66
-22
-18
-21
-4
-35
-33
0
-66
-22
-18
-20
-4
-40
-33
0
-66
-22
-7
-9
-4
-37
-33
0
-66
-22
5
-19
-4
-18
-33
0
-66
-22
-1
-75
-4
-14
-33
0
-66
-22
-14
-89
-4
-27
-33
0
-66
-22
-18
-44
-4
-36
-33
0
-66
-22
-2
-1
-4
-25
-33
0
-66
-22
62
59
-4
34
-33
0
-66
-22
104
40
-4
99
-33
0
-66
-22
58
-84
-4
70
-33
0
-66
-22
20
-93
-4
15
-33
0
-66
-22
58
25
-4
46
-33
0
-66
-22
103
69
-4
106
-33
0
-66
-22
114
42
-4
125
-33
0
-66
-22
114
31
-4
125
-33
0
-66
-22
114
31
-4
125
-33
0
-66
-22
114
31
-4
125
-33
0
-66
-22
114
31
-4
140
-33
0
-66
-22
136
71
-4
185
-33
0
-66
-22
187
138
-4
225
-33
0
-66
-22
163
89
-4
177
-33
0
-66
-22
56
-11
-4
40
-33
0
-66
-22
2
-18
-4
-37
-33
0
-66
-22
5
-13
-4
-21
-33
0
-66
-22
1
-68
-4
-12
-33
0
-66
-22
-13
-94
-4
-26
-33
0
-66
-22
-18
-50
-4
-34
-33
0
-66
-22
-18
-21
-4
-34
-33
0
-66
-22
-18
-21
-4
-27
-33
0
-66
-22
-13
-9
-4
6
-33
0
-66
-22
12
39
-4
33
-33
0
-66
-22
22
68
-4
-19
-33
167
-66
-22
-49
-4
-4
-125
-33
0
-66
-22
-121
-110
-4
-213
-33
19
-66
-22
-212
-328
-4
-295
-33
0
-66
-22
-183
-160
-4
-216
-33
0
-66
-9
-68
-38
-4
-99
-33
0
-66
-22
35
6
-4
47
-33
0
-66
-22
41
-63
-4
51
-33
0
-66
-22
40
-7
-4
18
-33
0
-66
-22
74
85
-4
43
-33
0
-66
-22
72
5
-4
56
-33
0
-66
-22
23
-107
-4
18
-33
0
-66
-22
-5
-66
-4
-2
-33
0
-66
-22
0
9
-4
-1
-33
0
-66
-22
6
32
-4
-14
-33
0
-66
-22
-2
28
-4
-29
-33
0
-66
-22
-14
-1
-4
-34
-33
0
-66
-22
-18
-21
-4
-34
-33
0
-66
-22
-18
-21
-4
-34
-33
0
-66
-22
-18
-21
-4
-34
-33
0
-66
-22
-18
-21
-4
-32
-33
0
-66
-22
-17
-17
-4
-20
-33
0
-66
-22
-9
0
-4
-9
-33
0
-66
-22
11
32
-4
-14
-33
0
-66
-22
46
65
-4
-2
-33
0
-66
-22
57
10
-4
28
-33
0
-66
-22
23
-122
-4
12
-33
0
-66
-22
3
-121
-4
-26
-33
0
-66
-22
31
-19
-4
-15
-33
0
-66
-22
59
-31
-4
21
-33
0
-66
-22
66
-111
-4
33
-33
0
-66
-22
66
-140
-4
33
-33
0
-66
-22
66
-140
-4
33
-33
0
-66
-22
66
-140
-4
33
-33
0
-66
-22
66
-140
-4
51
-33
0
-66
-22
96
-97
-4
106
-33
0
-66
-22
157
-13
-4
172
-33
0
-66
-22
138
-11
-4
153
-33
0
-66
-22
39
-65
-4
37
-33
0
-66
-22
-13
-52
-4
-33
-33
0
-66
-22
-19
-23
-4
-34
-33
0
-66
-22
-18
-21
-4
-34
-33
0
-66
-22
-18
-21
-4
-34
-33
0
-66
-22
-18
-21
-4
-32
-33
0
-66
-22
-17
-17
-4
-20
-33
0
-66
-22
-9
0
-4
5
-33
0
-66
-22
15
43
-4
52
-33
0
-66
-22
70
135
-4
103
-33
0
-66
-22
86
173
-4
71
-33
263
-66
-22
-39
38
-4
-74
-33
88
-66
-22
-145
-48
-4
-230
-33
203
-66
-22
-223
-183
-4
-277
-33
0
-66
-22
-183
-136
-4
-172
-33
0
-66
48
-67
38
-4
-37
-33
0
-66
-22
54
152
-4
112
-33
0
-66
-22
97
208
-4
144
-33
0
-66
-22
103
249
-4
136
-33
0
-66
-22
110
273
-4
120
-33
0
-66
-22
92
214
-4
72
-33
0
-66
-22
40
113
-4
32
-33
0
-66
-22
18
74
-4
54
-33
0
-66
-22
50
107
-4
81
-33
13
-66
-22
62
157
-4
48
-33
0
-66
-22
26
139
-4
-9
-33
0
-66
-22
-8
43
-4
-34
-33
0
-66
-22
-18
-21
-4
-34
-33
0
-66
-22
-18
-21
-4
-34
-33
0
-66
-22
-18
-21
-4
-34
-33
0
-66
-22
-18
-21
-4
-27
-33
0
-66
-22
-12
-9
-4
11
-33
0
-66
-22
18
48
-4
61
-33
0
-66
-22
57
124
-4
67
-33
0
-66
-22
60
161
-4
28
-33
0
-66
-22
28
100
-4
-7
-33
0
-66
-22
-3
-21
-4
-25
-33
0
-66
-22
-13
-54
-4
-34
-33
0
-66
-22
-7
-26
-4
-33
-33
0
-66
-22
-1
-31
-4
-25
-33
0
-66
-22
1
-55
-4
-23
-33
0
-66
-22
1
-64
-4
-23
-33
0
-66
-22
1
-64
-4
-23
-33
0
-66
-22
1
-64
-4
-23
-33
0
-66
-22
1
-64
-4
-26
-33
0
-66
-22
34
-27
-4
-5
-33
0
-66
-22
94
14
-4
66
-33
0
-66
-22
81
-76
-4
89
-33
0
-66
-22
10
-170
-4
16
-33
0
-66
-22
-19
-98
-4
-33
-33
0
-66
-22
-18
-24
-4
-34
-33
0
-66
-22
-18
-21
-4
-34
-33
0
-66
-22
-18
-21
-4
-34
-33
0
-66
-22
-18
-21
-4
-28
-33
0
-66
-22
-13
-10
-4
9
-33
0
-66
-22
17
46
-4
69
-33
0
-66
-22
74
148
-4
123
-33
0
-66
-22
150
284
-4
165
-33
0
-66
-22
156
262
-4
130
-33
150
-66
-22
-4
-8
-4
-35
-33
67
-66
-22
-129
-116
-4
-211
-33
187
-66
-22
-217
-214
-4
-293
-33
0
-66
-22
-186
-154
-4
-208
-33
0
-66
-22
-74
-24
-4
-76
-33
0
-66
-22
52
98
-4
118
-33
0
-66
-22
115
162
-4
197
-33
0
-66
-22
146
219
-4
198
-33
0
-66
-22
149
255
-4
167
-33
0
-66
-22
103
189
-4
105
-33
15
-66
-22
29
76
-4
37
-33
0
-66
-22
24
55
-4
40
-33
0
-66
-22
85
109
-4
101
-33
0
-66
-22
82
115
-4
92
-33
38
-66
-22
17
58
-4
10
-33
0
-66
-22
-16
2
-4
-34
-33
0
-66
-22
-18
-21
-4
-34
-33
0
-66
-22
-18
-21
-4
-34
-33
0
-66
-22
-18
-21
-4
-34
-33
0
-66
-22
-18
-21
-4
-30
-33
0
-66
-22
-7
-6
-4
-1
-33
0
-66
-22
42
56
-4
58
-33
0
-66
-22
87
115
-4
100
-33
0
-66
-22
59
96
-4
63
-33
0
-66
-22
4
36
-4
-7
-33
0
-66
-22
-17
-9
-4
-27
-33
0
-66
-22
-14
-11
-4
-7
-33
0
-66
-22
-1
17
-4
8
-33
0
-66
-22
12
44
-4
0
-33
0
-66
-22
8
48
-4
-19
-33
0
-66
-22
-6
22
-4
-32
-33
0
-66
-22
-16
-12
-4
-34
-33
0
-66
-22
-18
-21
-4
-34
-33
0
-66
-22
-18
-21
-4
-42
-33
0
-66
-22
-1
0
-4
-41
-33
0
-66
-22
30
6
-4
-4
-33
0
-66
-22
26
-89
-4
17
-33
0
-66
-22
-5
-156
-4
-13
-33
0
-66
-22
-18
-82
-4
-34
-33
0
-66
-22
-18
-21
-4
-34
-33
0
-66
-22
-18
-21
-4
-34
-33
0
-66
-22
-18
-21
-4
-34
-33
0
-66
-22
-18
-21
-4
-31
-33
0
-66
-22
-9
-8
-4
-3
-33
0
-66
-22
40
53
-4
55
-33
0
-66
-22
104
131
-4
107
-33
0
-66
-22
141
172
-4
120
-33
0
-66
-22
105
66
-4
75
-33
71
-66
-22
-57
-212
-4
-77
-33
144
-66
-22
-162
-276
-4
-228
-33
142
-66
-22
-232
-276
-4
-297
-33
0
-66
-22
-211
-217
-4
-297
-33
0
-66
-22
-129
-202
-4
-223
-33
0
-66
-22
-15
-157
-4
-4
-33
0
-66
-22
93
-166
-4
143
-33
0
-66
-22
161
-45
-4
170
-33
0
-66
-22
151
44
-4
129
-33
0
-66
-22
85
-55
-4
80
-33
0
-66
-22
12
-162
-4
7
-33
0
-66
-22
15
-70
-4
-25
-33
0
-66
-22
73
32
-4
40
-33
0
-66
-22
62
-76
-4
68
-33
0
-66
-22
1
-176
-4
6
-33
0
-66
-22
-20
-94
-4
-34
-33
0
-66
-22
-18
-21
-4
-34
-33
0
-66
-22
-18
-21
-4
-34
-33
0
-66
-22
-18
-21
-4
-34
-33
0
-66
-22
-18
-21
-4
-37
-33
0
-66
-22
-8
-10
-4
-39
-33
0
-66
-22
37
29
-4
-4
-33
0
-66
-22
74
8
-4
56
-33
0
-66
-22
42
-113
-4
48
-33
0
-66
-22
-6
-145
-4
-10
-33
0
-66
-22
-19
-63
-4
-19
-33
0
-66
-22
-4
5
-4
32
-33
0
-66
-22
38
80
-4
82
-33
0
-66
-22
68
155
-4
75
-33
0
-66
-22
46
167
-4
20
-33
0
-66
-22
5
91
-4
-24
-33
0
-66
-22
-15
3
-4
-34
-33
0
-66
-22
-18
-21
-4
-34
-33
0
-66
-22
-18
-21
-4
-36
-33
0
-66
-22
-16
-18
-4
-36
-33
0
-66
-22
-12
-18
-4
-31
-33
0
-66
-22
-13
-34
-4
-28
-33
0
-66
-22
-17
-42
-4
-32
-33
0
-66
-22
-18
-30
-4
-34
-33
0
-66
-22
-18
-21
-4
-33
-33
0
-66
-22
-18
-20
-4
-32
-33
0
-66
-22
-17
-17
-4
-30
-33
0
-66
-22
-16
-15
-4
-32
-33
0
-66
-22
-6
-3
-4
-38
-33
0
-66
-22
36
31
-4
-23
-33
0
-66
-22
75
6
-4
-11
-33
0
-66
-22
54
-150
-4
-41
-33
0
-66
-22
-25
-343
-4
-91
-33
0
-66
-22
-154
-350
-4
-195
-33
50
-66
-22
-217
-350
-4
-278
-33
30
-66
-22
-255
-350
-4
-297
-33
0
-66
-22
-252
-245
-4
-297
-33
0
-66
-22
-220
-257
-4
-297
-33
0
-66
-22
-135
-230
-4
-214
-33
0
-66
-22
1
-205
-4
-46
-33
0
-66
-22
69
-168
-4
66
-33
0
-66
-22
43
-176
-4
51
-33
0
-66
-22
12
-177
-4
11
-33
0
-66
-22
-7
-147
-4
-23
-33
0
-66
-22
-4
-66
-4
-41
-33
0
-66
-22
17
-11
-4
-15
-33
0
-66
-22
14
-87
-4
1
-33
0
-66
-22
-8
-137
-4
-20
-33
0
-66
-22
-18
-70
-4
-34
-33
0
-66
-22
-18
-21
-4
-34
-33
0
-66
-22
-18
-21
-4
-34
-33
0
-66
-22
-18
-21
-4
-34
-33
0
-66
-22
-18
-21
-4
-32
-33
0
-66
-22
-12
-9
-4
-16
-33
0
-66
-22
20
34
-4
19
-33
0
-66
-22
54
43
-4
44
-33
0
-66
-22
44
-15
-4
22
-33
0
-66
-22
8
-44
-4
-19
-33
0
-66
-22
-14
-29
-4
-28
-33
0
-66
-22
4
6
-4
5
-33
0
-66
-22
63
73
-4
69
-33
0
-66
-22
88
95
-4
99
-33
0
-66
-22
40
43
-4
45
-33
0
-66
-22
-7
-4
-4
-18
-33
0
-66
-22
-18
-18
-4
-34
-33
0
-66
-22
-18
-21
-4
-34
-33
0
-66
-22
-18
-21
-4
-34
-33
0
-66
-22
-18
-21
-4
-34
-33
0
-66
-22
-18
-21
-4
-34
-33
0
-66
-22
-18
-21
-4
-34
-33
0
-66
-22
-18
-21
-4
-34
-33
0
-66
-22
-18
-21
-4
-33
-33
0
-66
-22
-18
-20
-4
-15
-33
0
-66
-22
-6
8
-4
19
-33
0
-66
-22
18
53
-4
45
-33
0
-66
-22
38
108
-4
46
-33
0
-66
-22
44
133
-4
-3
-33
0
-66
-22
32
85
-4
-66
-33
0
-66
-22
-9
-47
-4
-120
-33
0
-66
-22
-91
-279
-4
-184
-33
0
-66
-22
-171
-350
-4
-247
-33
0
-66
-22
-229
-350
-4
-297
188
0
-66
-22
-251
-350
-4
-297
151
0
-66
-22
-267
-320
-4
-297
263
66
-66
-22
-269
-246
54
-297
263
66
-66
-22
-269
-246
54
-297
-33
0
-66
71
-230
-193
-4
-297
-33
0
-66
-22
-127
-139
-4
-238
-33
0
-66
-22
-64
-259
-4
-85
-33
0
-66
-22
-50
-350
-4
-34
-33
0
-66
-22
-34
-229
-4
-33
-33
0
-66
-22
-21
-55
-4
-34
-33
0
-66
-22
-18
-21
-4
-34
-33
0
-66
-22
-18
-21
-4
-34
-33
0
-66
-22
-18
-21
-4
-34
-33
0
-66
-22
-18
-21
-4
-34
-33
0
-66
-22
-18
-21
-4
-34
-33
0
-66
-22
-18
-21
-4
-34
-33
0
-66
-22
-18
-21
-4
-34
-33
0
-66
-22
-18
-21
-4
-34
-33
0
-66
-22
-18
-21
-4
-27
-33
0
-66
-22
-11
-9
-4
11
-33
0
-66
-22
26
53
-4
68
-33
0
-66
-22
67
134
-4
85
-33
0
-66
-22
54
162
-4
40
-33
0
-66
-22
11
104
-4
-16
-33
0
-66
-22
-14
14
-4
-40
-33
0
-66
-22
0
0
-4
-40
-33
0
-66
-22
48
29
-4
5
-33
0
-66
-22
65
-43
-4
52
-33
0
-66
-22
23
-163
-4
29
-33
0
-66
-22
-11
-136
-4
-10
-33
0
-66
-22
-12
-34
-4
-20
-33
0
-66
-22
-8
1
-4
-24
-33
0
-66
-22
-10
3
-4
-30
-33
0
-66
-22
-15
-9
-4
-34
-33
0
-66
-22
-18
-19
-4
-30
-33
0
-66
-22
-16
-14
-4
-21
-33
0
-66
-22
-10
-3
-4
-14
-33
0
-66
-22
-4
11
-4
-11
-33
0
-66
-22
-1
22
-4
15
-33
0
-66
-22
28
68
-4
73
-33
0
-66
-22
77
151
-4
140
-33
0
-66
-22
108
250
-4
159
-33
0
-66
-22
105
284
-4
81
-33
133
-66
-22
30
159
-4
-64
-33
0
-66
-22
-94
-62
-4
-193
-33
0
-66
-22
-204
-313
-4
-272
269
79
-66
-22
-264
-350
-4
-297
461
96
-66
-22
-269
-297
-4
-297
263
66
-66
-22
-269
-246
54
-297
263
66
-66
-22
-269
-246
54
-297
263
66
-66
-22
-269
-246
54
-297
263
66
-66
-22
-269
-246
54
-297
-7
41
-66
-22
-262
-228
-4
-297
-33
0
-66
-22
-230
-220
-4
-297
-33
0
-66
-22
-176
-245
-4
-218
-33
0
-66
-22
-95
-219
-4
-110
-33
0
-66
-22
-37
-119
-4
-45
-33
0
-66
-22
-20
-37
-4
-34
-33
0
-66
-22
-18
-21
-4
-34
-33
0
-66
-22
-18
-21
-4
-34
-33
0
-66
-22
-18
-21
-4
-34
-33
0
-66
-22
-18
-21
-4
-34
-33
0
-66
-22
-18
-21
-4
-34
-33
0
-66
-22
-18
-21
-4
-34
-33
0
-66
-22
-18
-21
-4
-34
-33
0
-66
-22
-18
-21
-4
-34
-33
0
-66
-22
-18
-21
-4
-33
-33
0
-66
-22
-8
-9
-4
-18
-33
0
-66
-22
42
46
-4
33
-33
0
-66
-22
85
71
-4
86
-33
0
-66
-22
51
7
-4
60
-33
0
-66
-22
-2
-40
-4
-8
-33
0
-66
-22
-19
-31
-4
-38
-33
0
-66
-22
-13
-14
-4
-41
-33
0
-66
-22
2
-9
-4
-28
-33
0
-66
-22
7
-47
-4
-12
-33
0
-66
-22
-4
-96
-4
-2
-33
0
-66
-22
-5
-56
-4
23
-33
0
-66
-22
21
41
-4
44
-33
0
-66
-22
38
99
-4
27
-33
0
-66
-22
21
99
-4
-10
-33
0
-66
-22
-5
40
-4
-31
-33
0
-66
-22
-17
-13
-4
-14
-33
0
-66
-22
-3
11
-4
31
-33
0
-66
-22
30
72
-4
71
-33
0
-66
-22
57
145
-4
87
-33
0
-66
-22
67
193
-4
71
-33
0
-66
-22
94
209
-4
74
-33
0
-66
-22
129
209
-4
141
-33
0
-66
-22
147
170
-4
198
-33
0
-66
-22
146
136
-4
152
-33
234
-66
-22
32
19
-4
-24
-33
267
-66
-22
-146
-166
-4
-233
74
39
-66
-22
-245
-297
-4
-297
327
16
-66
-22
-269
-319
-4
-297
340
56
-66
-22
-269
-269
-4
-297
263
66
-66
-22
-269
-246
54
-297
263
66
-66
-22
-269
-246
54
-297
263
66
-66
-22
-269
-246
54
-297
263
66
-66
-22
-269
-246
54
-297
263
66
-66
-22
-269
-246
54
-297
263
66
-66
-22
-269
-246
54
-297
-33
0
-66
91
-231
-185
-4
-286
-33
0
-66
55
-131
-84
-4
-161
-33
0
-66
-22
-56
-46
-4
-48
-33
0
-66
-22
-21
-32
-4
-7
-33
0
-66
-22
0
12
-4
5
-33
0
-66
-22
9
48
-4
-1
-33
0
-66
-22
6
41
-4
-17
-33
0
-66
-22
-5
21
-4
-30
-33
0
-66
-22
-15
-4
-4
-34
-33
0
-66
-22
-18
-21
-4
-34
-33
0
-66
-22
-18
-21
-4
-34
-33
0
-66
-22
-18
-21
-4
-34
-33
0
-66
-22
-18
-21
-4
-37
-33
0
-66
-22
-11
-12
-4
-43
-33
0
-66
-22
24
17
-4
-20
-33
0
-66
-22
53
-15
-4
30
-33
0
-66
-22
28
-131
-4
27
-33
0
-66
-22
-9
-151
-4
-16
-33
0
-66
-22
-19
-63
-4
-34
-33
0
-66
-22
-18
-21
-4
-34
-33
0
-66
-22
-18
-21
-4
-34
-33
0
-66
-22
-18
-21
-4
-34
-33
0
-66
-22
-18
-21
-4
-13
-33
0
-66
-22
7
21
-4
51
-33
0
-66
-22
71
120
-4
113
-33
0
-66
-22
94
182
-4
100
-33
0
-66
-22
47
157
-4
24
-33
0
-66
-22
-1
64
-4
-27
-33
0
-66
-22
-17
-10
-4
-13
-33
0
-66
-22
13
27
-4
49
-33
0
-66
-22
75
116
-4
125
-33
0
-66
-22
111
202
-4
161
-33
0
-66
-22
116
250
-4
126
-33
0
-66
-22
112
231
-4
75
-33
0
-66
-22
102
150
-4
71
-33
0
-66
-22
118
13
-4
110
-33
0
-66
-22
130
-66
-4
116
-33
0
-66
-22
0
-188
-4
-27
-33
346
-66
-22
-190
-310
-4
-251
597
180
-66
-22
-269
-282
-4
-297
263
66
-66
-22
-269
-246
54
-297
263
66
-66
-22
-269
-246
54
-297
263
66
-66
-22
-269
-246
54
-297
263
66
-66
-22
-269
-246
54
-297
263
66
-66
-22
-269
-246
54
-297
263
66
-66
-22
-269
-246
54
-297
263
66
-66
-22
-269
-246
54
-297
263
66
-66
-22
-269
-246
54
-297
-33
0
-66
17
-242
-206
-4
-297
-33
0
-66
-22
-171
-155
-4
-220
-33
0
-66
-22
-95
-134
-4
-57
-33
0
-66
-22
-11
-63
-4
60
-33
0
-66
-22
58
100
-4
114
-33
0
-66
-22
84
229
-4
96
-33
0
-66
-22
67
206
-4
41
-33
0
-66
-22
24
129
-4
-12
-33
0
-66
-22
-9
38
-4
-34
-33
0
-66
-22
-18
-21
-4
-34
-33
0
-66
-22
-18
-21
-4
-34
-33
0
-66
-22
-18
-21
-4
-34
-33
0
-66
-22
-18
-21
-4
-35
-33
0
-66
-22
-17
-19
-4
-39
-33
0
-66
-22
-7
-11
-4
-34
-33
0
-66
-22
1
-26
-4
-20
-33
0
-66
-22
-6
-69
-4
-19
-33
0
-66
-22
-15
-71
-4
-30
-33
0
-66
-22
-18
-36
-4
-34
-33
0
-66
-22
-18
-21
-4
-34
-33
0
-66
-22
-18
-21
-4
-34
-33
0
-66
-22
-18
-21
-4
-34
-33
0
-66
-22
-18
-21
-4
-18
-33
0
-66
-22
23
38
-4
50
-33
0
-66
-22
118
152
-4
146
-33
0
-66
-22
143
157
-4
157
-33
0
-66
-22
66
68
-4
56
-33
0
-66
-22
1
8
-4
-23
-33
0
-66
-22
-17
-17
-4
-35
-33
0
-66
-22
19
22
-4
-6
-33
0
-66
-22
84
70
-4
67
-33
0
-66
-22
110
33
-4
112
-33
0
-66
-22
107
-10
-4
106
-33
0
-66
-22
73
-47
-4
69
-33
0
-66
-22
25
-90
-4
-19
-33
0
-66
-22
28
-90
-4
-65
-33
0
-66
-22
24
-147
-4
-50
-33
0
-66
-22
-95
-350
-4
-122
-33
246
-66
-22
-234
-350
-4
-277
710
210
-66
-22
-269
-342
-4
-297
263
66
-66
-22
-269
-246
54
-297
263
66
-66
-22
-269
-246
54
-297
263
66
-66
-22
-269
-246
54
-297
263
66
-66
-22
-269
-246
54
-297
263
66
-66
-22
-269
-246
54
-297
263
66
-66
-22
-269
-246
54
-297
263
66
-66
-22
-269
-246
54
-297
263
66
-66
-22
-269
-246
54
-297
10
22
-66
-22
-259
-225
-4
-297
-33
0
-66
-22
-224
-214
-4
-297
-33
0
-66
-22
-143
-194
-4
-164
-33
0
-66
-22
-15
-103
-4
8
-33
0
-66
-22
70
38
-4
127
-33
0
-66
-22
101
142
-4
140
-33
0
-66
-22
80
136
-4
89
-33
34
-66
-22
18
74
-4
8
-33
0
-66
-22
-15
10
-4
-33
-33
0
-66
-22
-18
-20
-4
-20
-33
0
-66
-22
-10
0
-4
0
-33
0
-66
-22
5
27
-4
3
-33
0
-66
-22
9
43
-4
-13
-33
0
-66
-22
-2
33
-4
-29
-33
0
-66
-22
-14
-3
-4
-34
-33
0
-66
-22
-18
-21
-4
-34
-33
0
-66
-22
-18
-21
-4
-34
-33
0
-66
-22
-18
-21
-4
-34
-33
0
-66
-22
-18
-21
-4
-28
-33
0
-66
-22
-15
-12
-4
-11
-33
0
-66
-22
-3
12
-4
2
-33
0
-66
-22
8
35
-4
-4
-33
0
-66
-22
5
40
-4
-14
-33
0
-66
-22
34
71
-4
21
-33
0
-66
-22
118
132
-4
115
-33
0
-66
-22
134
74
-4
146
-33
0
-66
-22
53
-45
-4
56
-33
0
-66
-22
-6
-58
-4
-22
-33
0
-66
-22
-18
-26
-4
-43
-33
0
-66
-22
4
5
-4
-40
-33
0
-66
-22
41
12
-4
8
-33
0
-66
-22
63
-55
-4
55
-33
0
-66
-22
76
-95
-4
57
-33
0
-66
-22
51
-123
-4
8
-33
0
-66
-22
-14
-162
-4
-97
-33
0
-66
-22
-71
-180
-4
-179
-33
0
-66
-22
-119
-273
-4
-206
-33
0
-66
-22
-189
-350
-4
-245
305
0
-66
-22
-256
-350
-4
-297
595
72
-66
-22
-269
-338
-4
-297
263
66
-66
-22
-269
-246
54
-297
263
66
-66
-22
-269
-246
54
-297
263
66
-66
-22
-269
-246
54
-297
263
66
-66
-22
-269
-246
54
-297
263
66
-66
-22
-269
-246
54
-297
263
66
-66
-22
-269
-246
54
-297
263
66
-66
-22
-269
-246
54
-297
263
66
-66
-22
-269
-246
54
-297
199
60
-66
-22
-269
-241
33
-297
47
41
-66
-22
-266
-241
-4
-297
-33
0
-66
102
-202
-190
-4
-297
-33
0
-66
-22
-86
-139
-4
-180
-33
0
-66
-22
-6
-211
-4
-24
-33
0
-66
-22
47
-252
-4
59
-33
0
-66
-22
49
-202
-4
71
-33
0
-66
-22
1
-162
-4
7
-33
0
-66
-22
-20
-85
-4
-32
-33
0
-66
-22
-16
-16
-4
4
-33
0
-66
-22
14
39
-4
65
-33
0
-66
-22
61
124
-4
87
-33
9
-66
-22
63
174
-4
44
-33
0
-66
-22
21
135
-4
-13
-33
0
-66
-22
-10
31
-4
-34
-33
0
-66
-22
-18
-21
-4
-34
-33
0
-66
-22
-18
-21
-4
-34
-33
0
-66
-22
-18
-21
-4
-34
-33
0
-66
-22
-18
-21
-4
-19
-33
0
-66
-22
-5
4
-4
31
-33
0
-66
-22
35
77
-4
78
-33
0
-66
-22
64
149
-4
70
-33
0
-66
-22
45
161
-4
11
-33
0
-66
-22
34
121
-4
-20
-33
0
-66
-22
75
72
-4
34
-33
0
-66
-22
76
-47
-4
76
-33
0
-66
-22
18
-164
-4
25
-33
0
-66
-22
-16
-117
-4
-26
-33
0
-66
-22
-19
-35
-4
-37
-33
0
-66
-22
-14
-16
-4
-37
-33
0
-66
-22
-7
-17
-4
0
-33
0
-66
-22
21
13
-4
67
-33
0
-66
-22
71
84
-4
67
-33
71
-66
-22
47
83
-4
-39
-33
0
-66
-22
-58
-41
-4
-167
-33
0
-66
-22
-168
-273
-4
-246
-33
62
-66
-22
-237
-350
-4
-297
194
55
-66
-22
-262
-350
-4
-297
307
24
-66
-22
-269
-306
-4
-297
330
57
-66
-22
-269
-266
-4
-297
263
66
-66
-22
-269
-246
54
-297
263
66
-66
-22
-269
-246
54
-297
263
66
-66
-22
-269
-246
54
-297
263
66
-66
-22
-269
-246
54
-297
263
66
-66
-22
-269
-246
54
-297
263
66
-66
-22
-269
-246
54
-297
263
66
-66
-22
-269
-246
54
-297
263
66
-66
-22
-269
-246
54
-297
263
66
-66
-22
-269
-246
54
-297
263
66
-66
-22
-269
-246
54
-297
-33
11
-66
-14
-249
-212
-4
-297
-33
0
-66
-22
-197
-205
-4
-297
-33
0
-66
-22
-132
-286
-4
-220
-33
0
-66
-22
-58
-323
-4
-121
-33
0
-66
-22
-39
-313
-4
-71
-33
0
-66
-22
-62
-292
-4
-78
-33
0
-66
-22
-64
-192
-4
-64
-33
0
-66
-22
-39
-94
-4
-22
-33
0
-66
-22
27
14
-4
43
-33
0
-66
-22
93
113
-4
106
-33
0
-66
-22
71
92
-4
86
-33
36
-66
-22
11
35
-4
25
-33
0
-66
-22
-2
25
-4
12
-33
0
-66
-22
13
46
-4
10
-33
0
-66
-22
15
60
-4
-11
-33
0
-66
-22
0
40
-4
-29
-33
0
-66
-22
-14
-3
-4
-27
-33
0
-66
-22
3
7
-4
9
-33
0
-66
-22
62
76
-4
83
-33
0
-66
-22
93
120
-4
132
-33
0
-66
-22
63
110
-4
87
-33
80
-66
-22
41
98
-4
12
-33
0
-66
-22
47
83
-4
10
-33
0
-66
-22
39
-9
-4
45
-33
0
-66
-22
25
-75
-4
51
-33
0
-66
-22
28
7
-4
44
-33
0
-66
-22
35
102
-4
15
-33
0
-66
-22
20
77
-4
-43
-33
0
-66
-22
-20
0
-4
-77
-33
0
-66
-22
-15
-41
-4
-42
-33
0
-66
-22
36
-29
-4
11
-33
0
-66
-22
-23
-98
-4
-61
-33
368
-66
-22
-163
-247
-4
-224
-33
136
-66
-22
-240
-350
-4
-297
307
0
-66
-22
-267
-350
-4
-297
408
54
-66
-22
-269
-288
-4
-297
263
66
-66
-22
-269
-246
54
-297
263
66
-66
-22
-269
-246
54
-297
263
66
-66
-22
-269
-246
54
-297
263
66
-66
-22
-269
-246
54
-297
263
66
-66
-22
-269
-246
54
-297
263
66
-66
-22
-269
-246
54
-297
263
66
-66
-22
-269
-246
54
-297
263
66
-66
-22
-269
-246
54
-297
263
66
-66
-22
-269
-246
54
-297
263
66
-66
-22
-269
-246
54
-297
263
66
-66
-22
-269
-246
54
-297
263
66
-66
-22
-269
-246
54
-297
231
63
-66
-22
-269
-243
44
-297
163
54
-66
-22
-269
-244
9
-297
-33
0
-66
-10
-238
-215
-4
-297
-33
0
-66
-22
-178
-198
-4
-286
-33
0
-66
-22
-154
-289
-4
-242
-33
0
-66
-22
-155
-350
-4
-209
-33
0
-66
-22
-126
-318
-4
-144
-33
0
-66
-22
-67
-216
-4
-86
-33
0
-66
-22
9
-61
-4
-34
-33
0
-66
-22
66
-2
-4
40
-33
0
-66
-22
45
-134
-4
68
-33
0
-66
-22
6
-165
-4
56
-33
0
-66
-22
32
11
-4
85
-33
0
-66
-22
75
162
-4
99
-33
0
-66
-22
65
197
-4
52
-33
0
-66
-22
23
142
-4
-3
-33
0
-66
-22
-3
45
-4
-26
-33
0
-66
-22
11
25
-4
-25
-33
0
-66
-22
60
57
-4
39
-33
0
-66
-22
93
14
-4
136
-33
0
-66
-22
92
-33
-4
153
-33
0
-66
-22
79
55
-4
93
-33
0
-66
-22
46
146
-4
46
-33
0
-66
-22
29
123
-4
58
-33
0
-66
-22
57
119
-4
108
-33
0
-66
-22
88
199
-4
141
-33
0
-66
-22
99
267
-4
92
-33
85
-66
-22
48
186
-4
-40
-33
9
-66
-22
-60
-1
-4
-187
-33
0
-66
-22
-98
-181
-4
-236
-33
0
-66
-22
-63
-311
-4
-154
-33
0
-66
-22
-122
-350
-4
-151
-33
88
-66
-22
-238
-350
-4
-276
789
172
-66
-22
-269
-350
-4
-297
264
61
-66
-22
-269
-253
17
-297
272
65
-66
-22
-269
-248
42
-297
263
66
-66
-22
-269
-246
54
-297
263
66
-66
-22
-269
-246
54
-297
263
66
-66
-22
-269
-246
54
-297
263
66
-66
-22
-269
-246
54
-297
263
66
-66
-22
-269
-246
54
-297
263
66
-66
-22
-269
-246
54
-297
263
66
-66
-22
-269
-246
54
-297
263
66
-66
-22
-269
-246
54
-297
263
66
-66
-22
-269
-246
54
-297
263
66
-66
-22
-269
-246
54
-297
263
66
-66
-22
-269
-246
54
-297
263
66
-66
-22
-269
-246
54
-297
263
66
-66
-22
-269
-246
54
-297
263
66
-66
-22
-269
-246
54
-297
57
47
-66
-22
-265
-232
-4
-297
-33
0
-66
-22
-245
-231
-4
-297
-33
0
-66
-22
-235
-287
-4
-297
-33
0
-66
-22
-234
-334
-4
-297
-33
0
-66
-22
-189
-283
-4
-268
-33
0
-66
-22
-118
-212
-4
-190
-33
0
-66
-22
-77
-187
-4
-137
-33
0
-66
-22
-56
-196
-4
-66
-33
0
-66
-22
-29
-197
-4
21
-33
0
-66
-22
21
-97
-4
82
-33
0
-66
-22
106
139
-4
148
-33
0
-66
-22
162
273
-4
200
-33
0
-66
-22
129
223
-4
171
-33
60
-66
-22
74
170
-4
100
-33
0
-66
-22
56
165
-4
68
-33
0
-66
-22
62
175
-4
65
-33
0
-66
-22
79
181
-4
73
-33
0
-66
-22
103
150
-4
92
-33
0
-66
-22
127
113
-4
128
-33
0
-66
-22
113
95
-4
149
-33
0
-66
-22
68
78
-4
96
-33
0
-66
-22
61
98
-4
26
-33
0
-66
-22
80
117
-4
23
-33
0
-66
-22
70
34
-4
42
-33
0
-66
-22
53
-64
-4
29
-33
0
-66
-22
-28
-175
-4
-61
-33
337
-66
-22
-170
-317
-4
-234
-33
149
-66
-22
-221
-335
-4
-297
-33
0
-66
-22
-203
-329
-4
-297
-33
0
-66
-22
-221
-350
-4
-289
324
0
-66
-22
-260
-350
-4
-297
522
33
-66
-22
-269
-324
-4
-297
263
66
-66
-22
-269
-246
54
-297
263
66
-66
-22
-269
-246
54
-297
263
66
-66
-22
-269
-246
54
-297
263
66
-66
-22
-269
-246
54
-297
263
66
-66
-22
-269
-246
54
-297
263
66
-66
-22
-269
-246
54
-297
263
66
-66
-22
-269
-246
54
-297
263
66
-66
-22
-269
-246
54
-297
263
66
-66
-22
-269
-246
54
-297
263
66
-66
-22
-269
-246
54
-297
263
66
-66
-22
-269
-246
54
-297
263
66
-66
-22
-269
-246
54
-297
263
66
-66
-22
-269
-246
54
-297
263
66
-66
-22
-269
-246
54
-297
263
66
-66
-22
-269
-246
54
-297
263
66
-66
-22
-269
-246
54
-297
263
66
-66
-22
-269
-246
54
-297
263
66
-66
-22
-269
-246
54
-297
263
66
-66
-22
-269
-246
54
-297
247
64
-66
-22
-269
-244
49
-297
-33
0
-66
37
-237
-198
-4
-297
-33
0
-66
-22
-177
-174
-4
-266
-33
0
-66
-22
-152
-254
-4
-221
-33
0
-66
-22
-139
-294
-4
-154
-33
0
-66
-22
-64
-176
-4
-23
-33
0
-66
-22
55
22
-4
110
-33
0
-66
-22
156
243
-4
199
-33
0
-66
-22
206
307
-4
252
-33
0
-66
-22
180
187
-4
241
-33
0
-66
-22
132
156
-4
185
-33
0
-66
-22
114
231
-4
161
-33
0
-66
-22
113
270
-4
161
-33
0
-66
-22
113
270
-4
143
-33
0
-66
-22
116
268
-4
105
-33
0
-66
-22
120
229
-4
105
-33
0
-66
-22
112
96
-4
144
-33
0
-66
-22
102
-2
-4
121
-33
0
-66
-22
86
61
-4
24
-33
0
-66
-22
41
66
-4
-63
-33
0
-66
-22
-4
-151
-4
-104
-33
0
-66
-22
-22
-347
-4
-101
-33
0
-66
-22
-92
-350
-4
-141
-33
0
-66
-22
-214
-350
-4
-268
790
79
-66
-22
-269
-350
-4
-297
272
65
-66
-22
-269
-248
42
-297
263
66
-66
-22
-269
-246
54
-297
263
66
-66
-22
-269
-246
54
-297
263
66
-66
-22
-269
-246
54
-297
263
66
-66
-22
-269
-246
54
-297
263
66
-66
-22
-269
-246
54
-297
263
66
-66
-22
-269
-246
54
-297
263
66
-66
-22
-269
-246
54
-297
263
66
-66
-22
-269
-246
54
-297
263
66
-66
-22
-269
-246
54
-297
263
66
-66
-22
-269
-246
54
-297
263
66
-66
-22
-269
-246
54
-297
263
66
-66
-22
-269
-246
54
-297
263
66
-66
-22
-269
-246
54
-297
263
66
-66
-22
-269
-246
54
-297
263
66
-66
-22
-269
-246
54
-297
263
66
-66
-22
-269
-246
54
-297
263
66
-66
-22
-269
-246
54
-297
263
66
-66
-22
-269
-246
54
-297
263
66
-66
-22
-269
-246
54
-297
263
66
-66
-22
-269
-246
54
-297
263
66
-66
-22
-269
-246
54
-297
263
66
-66
-22
-269
-246
54
-297
263
66
-66
-22
-269
-246
54
-297
102
14
-66
-22
-261
-229
-1
-297
-33
0
-66
-22
-238
-221
-4
-297
-33
0
-66
-22
-230
-255
-4
-297
-33
0
-66
-22
-218
-265
-4
-297
-33
0
-66
-22
-134
-187
-4
-240
-33
0
-66
-22
-29
-140
-4
-115
-33
0
-66
-22
14
-210
-4
-40
-33
0
-66
-22
23
-279
-4
-18
-33
0
-66
-22
11
-324
-4
-20
-33
0
-66
-22
-8
-338
-4
-42
-33
0
-66
-22
-12
-308
-4
-52
-33
0
-66
-22
-12
-291
-4
-52
-33
0
-66
-22
-12
-291
-4
-52
-33
0
-66
-22
-25
-304
-4
-62
-33
0
-66
-22
-56
-330
-4
-95
-33
0
-66
-22
-61
-323
-4
-115
-33
0
-66
-22
-31
-284
-4
-86
-33
0
-66
-22
-57
-319
-4
-86
-33
38
-66
-22
-143
-350
-4
-175
-33
101
-66
-22
-187
-350
-4
-250
-33
0
-66
-22
-187
-323
-4
-256
-33
0
-66
-22
-213
-342
-4
-267
17
107
-66
-22
-261
-350
-4
-297
496
140
-66
-22
-269
-300
-4
-297
263
66
-66
-22
-269
-246
54
-297
263
66
-66
-22
-269
-246
54
-297
263
66
-66
-22
-269
-246
54
-297
263
66
-66
-22
-269
-246
54
-297
263
66
-66
-22
-269
-246
54
-297
263
66
-66
-22
-269
-246
54
-297
263
66
-66
-22
-269
-246
54
-297
263
66
-66
-22
-269
-246
54
-297
263
66
-66
-22
-269
-246
54
-297
263
66
-66
-22
-269
-246
54
-297
263
66
-66
-22
-269
-246
54
-297
263
66
-66
-22
-269
-246
54
