-34
-36
414
-33
-58
-89
229
-167
-50
105
182
135
94
-59
-68
-192
-34
-22
11
-33
-58
-89
296
-167
-50
-56
-6
-66
272
-59
-68
-192
-34
-22
11
-33
-58
-89
296
-167
-50
-56
-6
-66
272
-59
-68
-192
-34
-20
11
-33
-58
-89
294
-167
-50
-54
-6
-66
273
-59
-68
-192
-34
-25
11
-33
-58
-89
275
-167
-50
-39
-6
89
151
-59
-68
-192
-34
149
11
-33
-58
-89
232
-167
-50
362
-6
198
298
-59
-68
-83
-34
837
11
-33
-58
-89
189
-167
-50
316
-6
60
401
-59
-68
-192
-34
21
11
-33
-58
-89
-16
-167
-21
-257
-6
48
6
-59
-68
162
-34
-36
11
-33
-58
88
136
-104
-50
-22
-6
-173
-51
-59
-68
147
332
-36
439
-33
-58
-89
-16
-116
69
-163
-6
-127
-131
-59
-68
-109
160
-36
11
-33
-58
-89
-16
-167
-50
-257
-6
-46
-131
-59
-68
-192
423
-36
11
462
-58
-89
-16
50
-50
-257
-6
27
-131
-59
-68
134
193
-36
11
436
438
212
-16
256
184
-257
-6
-173
-131
-59
-68
-47
253
-36
11
226
702
329
-16
273
121
-226
-6
41
-131
-59
-68
143
265
-36
11
-33
390
72
-16
67
235
151
172
-173
-131
-59
-68
-26
-6
-36
11
-33
63
-89
-16
-118
-50
-5
-6
-22
-131
-59
-68
20
339
-36
11
-33
97
-58
57
-167
-50
488
-6
86
116
-59
-68
-173
25
280
114
-33
10
-89
39
-167
84
376
-6
376
76
-59
-68
-192
-34
340
11
-33
-58
-89
-16
-167
-50
-115
-6
177
363
-59
-68
-192
-34
55
11
-33
-58
-89
-16
-167
-50
-134
-6
-74
484
-59
-68
-192
-34
-10
11
-33
-58
-89
283
-167
-50
-50
-6
-71
283
-59
-68
-192
-34
-22
11
-33
-58
-89
296
-167
-50
-56
-6
-66
272
-59
-68
-192
-34
-22
11
-33
-58
-89
296
-167
-50
-56
-6
-66
272
-59
-68
-192
-34
407
11
-33
-58
-89
277
-167
3
-190
-6
-128
339
-59
-68
-90
38
-36
473
-33
-58
190
246
-167
-50
6
6
341
26
-59
-68
-192
-34
-36
11
-33
-58
68
170
-167
-50
65
-6
163
-131
-59
-68
-192
-34
-36
11
-33
-58
70
165
-167
-50
75
-6
164
-131
-59
-68
-192
-34
-36
11
-33
-58
-57
152
-167
-50
109
-6
314
-131
-59
-68
-192
-18
-36
11
-33
-58
-77
141
-167
-50
450
-6
318
-131
-59
-68
178
-34
-36
11
-33
-58
66
-16
-167
-50
32
-6
328
-131
-59
-68
108
218
-36
11
-33
-58
55
98
-131
-50
150
-6
227
-33
-59
-68
141
212
-36
11
10
-58
-87
-16
-167
18
-257
-6
6
-131
-59
-68
-192
23
-36
11
144
-58
323
-16
-73
-44
-257
-6
215
-117
-59
-68
-192
-16
-36
11
180
17
54
-16
-51
213
140
-6
114
-105
-59
-68
-111
35
-36
11
75
-58
-89
-16
-167
62
192
-6
-51
-131
-59
-68
-192
210
211
11
-33
-58
-89
-16
-167
96
112
-6
0
376
-59
-68
-192
-34
-36
11
-33
-17
-89
-16
-154
377
-173
-6
-120
114
182
173
-134
-34
-36
11
-33
105
-89
-16
212
265
-95
169
-4
-131
-59
-68
-164
107
-36
11
72
238
-89
-16
93
474
84
-6
338
63
-59
-68
-100
228
-36
11
-33
-58
232
-16
-100
167
-63
-6
94
-131
-59
-68
-192
313
-36
11
-33
143
107
-16
149
-50
-257
-6
369
-131
-59
-68
526
-34
-36
11
-33
542
150
-16
150
-50
-162
-6
-146
-131
-59
-68
714
607
-36
11
-33
58
551
-16
-167
-50
44
-6
68
-131
-59
-68
-192
20
-36
640
-33
-58
397
-16
-167
-50
-257
-6
315
-131
-59
-68
-192
-34
-36
11
-33
-58
177
-16
-167
-50
-33
-6
154
-108
-59
-68
-192
-34
-36
11
-33
-58
94
141
-167
-50
79
-6
152
-131
-59
-68
-192
-34
-36
11
-33
-58
68
170
-167
-50
65
-6
163
-131
-59
-68
-192
-34
-36
11
-33
-58
-89
176
-167
-50
-114
-6
166
189
-59
-68
39
38
-36
473
-33
-58
190
246
-167
-50
6
6
341
26
-59
-68
-192
-34
-36
11
-33
-58
45
152
-167
-50
69
-6
157
-131
-59
-68
-192
-34
-36
11
-33
-58
-56
168
-167
-50
150
-6
348
-131
-59
-68
-192
-34
-36
11
-33
-58
41
145
-167
-50
413
-6
391
-131
-59
-68
129
146
-36
11
-33
-58
-45
-16
-161
-50
188
-6
194
155
-59
-68
124
49
-36
11
-33
-58
137
-16
-167
-50
14
-6
64
86
-59
-68
-192
347
-36
11
50
-58
216
-16
-167
-50
-16
-6
259
357
-59
-68
-183
379
-36
11
32
-58
-89
-16
-167
-32
43
-6
96
297
-59
-68
-140
88
-36
11
-33
-58
-89
-16
-62
172
26
-6
154
28
-23
-68
-192
25
-36
11
-33
-58
-89
-16
105
275
-139
-6
206
100
-59
-68
17
103
-36
11
-33
-58
-34
-16
31
203
225
-6
5
252
-59
-68
85
263
8
11
-33
-58
-89
-16
-61
63
80
-6
123
381
124
-68
56
57
-18
11
-33
-58
-89
-16
-21
89
-133
-6
49
-131
423
-68
-77
37
-36
11
-33
-58
-89
-16
133
161
-150
292
-94
-37
-14
-68
40
-34
-36
11
-33
-58
-89
-16
130
207
-102
-6
-23
135
-30
-68
194
231
-36
11
130
168
-89
-16
87
160
218
-6
28
-128
-59
-68
-4
251
-36
11
-33
-58
-89
-16
-167
241
-44
-6
374
-131
-59
521
-192
-34
-36
11
-33
-58
-89
-16
-167
621
-257
-6
360
-131
-59
-68
-192
-34
-36
11
-33
376
10
-16
-167
160
-204
-6
206
-131
-59
-68
460
-34
-36
11
-33
111
222
490
-167
-50
361
-6
-173
-131
-59
-68
-57
-34
-36
11
-33
-58
327
-16
-167
-50
-257
-6
124
-131
-59
-68
-192
-34
-36
11
-33
-58
153
-16
-167
-50
-75
-6
211
-131
-59
-68
-192
-34
-36
11
-33
-58
115
117
-167
-50
90
-6
144
-131
-59
-68
-192
-34
-36
11
-33
-58
-89
176
-167
-50
-114
-6
166
189
-59
-68
39
53
-36
465
-33
-58
192
237
-167
-50
25
-6
339
42
-59
-68
-192
-34
-36
11
-33
-58
-89
149
-167
-50
0
-6
235
-131
-59
-68
-182
144
-36
11
-33
-58
27
-16
-167
-50
491
-6
411
-131
-59
-68
662
282
-36
11
-33
-58
97
-6
-61
-50
69
-6
118
-131
-59
-68
-70
252
-36
11
-33
-58
125
-16
-167
-50
-257
-6
154
-42
-59
-68
-192
215
-36
11
295
-58
24
-16
-167
-50
-213
-6
68
115
-59
-68
-192
153
-36
11
204
-58
259
-16
72
14
65
-6
24
89
-59
-68
-99
245
-36
11
124
-46
90
-16
59
2
181
-6
1
-131
97
-68
1
123
-36
11
-33
-58
48
-16
116
-50
73
-6
61
-131
87
-68
53
206
-36
11
-33
-58
36
-16
163
78
65
206
9
-103
-59
-68
4
148
-36
11
27
-58
17
-16
134
24
-249
-6
31
19
-59
-68
65
-23
-36
11
289
-58
86
-16
115
-40
-100
-6
82
-131
293
-68
68
-34
-36
11
41
-58
23
-16
69
-50
186
230
63
-131
229
-68
26
-8
51
11
-33
-58
-89
-16
-14
98
53
251
51
64
13
-68
70
95
-36
11
-33
-58
-89
-16
88
160
-190
-6
-114
71
-59
-68
124
140
-36
11
-33
138
-4
-16
234
176
15
-6
-83
64
76
-68
174
146
-36
11
-33
230
-77
-16
122
146
75
188
-40
-131
197
-68
41
270
-36
11
-33
-58
-89
-16
-37
57
220
143
26
-131
-59
31
-169
-34
-36
11
-33
-58
-89
-16
-111
260
-238
-6
364
-131
-59
-68
-192
-34
-36
11
-33
215
-10
-16
-141
388
-243
-6
591
-131
-59
-68
373
-34
-36
11
-33
-10
197
241
-167
-50
266
-6
-3
-131
-59
-68
-192
13
-36
11
-33
-58
167
30
-167
-50
-144
-6
216
-131
-59
-68
-192
-34
-36
11
-33
-58
172
-16
-167
-50
-124
-6
219
-131
-59
-68
-192
-34
-15
11
-33
-58
-89
104
-167
-50
-80
-6
140
247
-59
-68
54
97
-36
288
-33
-58
59
249
-167
-50
13
-6
498
-49
-59
-68
-192
218
-36
11
-33
-58
-89
56
-167
-50
449
-6
295
-131
-59
-68
373
234
-36
11
-33
-58
-89
-16
-113
-50
-257
-6
152
-131
-59
-68
173
159
-36
11
81
43
438
-16
-87
-50
-212
-6
-37
-131
-59
-68
92
428
-36
11
172
115
191
-16
-167
73
-25
-6
23
-131
-21
-68
-192
260
-36
11
10
-58
-89
-16
-137
20
-23
-6
91
-131
-59
-68
-192
2
-36
11
-14
-58
-89
-16
60
99
-92
-6
-22
-5
213
-68
-24
-34
-36
11
114
-58
-89
-16
83
103
-222
99
-64
-131
235
-68
77
-34
-36
11
24
-58
-41
-16
127
85
-9
242
-92
-131
133
-68
-56
-34
-36
11
21
-58
-48
-16
82
61
-23
94
30
9
37
-68
231
17
142
11
-33
-58
-89
-16
-34
142
170
-6
-90
-93
209
-68
66
88
-36
11
-33
-58
-89
-16
67
147
-51
-6
-124
-43
61
-68
14
89
-36
11
-33
-58
-4
-16
155
169
73
210
-90
70
-59
-68
21
238
-36
11
-33
-58
-34
-16
40
89
36
-6
95
318
-59
-68
120
383
24
11
-33
-58
-89
-16
51
53
1
-6
23
163
10
-57
93
132
-36
11
27
-58
-89
-16
224
144
-257
-6
-24
-131
300
211
-49
-34
-36
11
114
-26
2
-16
307
114
-257
396
19
-131
182
-68
12
-34
-36
11
28
-58
53
-16
82
50
161
347
37
-131
28
-68
125
140
-36
11
-33
-58
11
-16
76
40
158
-6
-113
-131
-59
-68
-41
35
-36
11
-33
-58
166
-16
169
59
-216
-6
332
-131
-59
-68
-145
-34
-36
11
-33
148
163
-16
-74
106
-257
-6
468
-131
-59
-68
214
-19
-36
11
-33
-58
215
151
-167
-50
356
-6
118
-131
-59
-68
-192
-34
-36
162
-33
-58
136
77
-167
-50
-211
-6
86
-131
-59
-68
-192
30
-36
11
-33
-58
-89
-16
-167
-50
-257
-6
151
125
-59
-68
-75
320
-36
176
-33
-58
-11
289
-167
-50
287
-6
469
-15
-59
-68
50
189
-36
11
-33
-58
-89
-16
-167
-50
129
-6
277
-25
-59
-68
201
-34
-36
11
323
-58
-89
-16
-167
-50
-257
-6
-71
8
-43
-68
-192
-34
-36
11
483
-12
132
-16
-46
90
-257
-6
-123
-97
-47
-68
-192
42
-36
11
197
358
201
-16
239
173
41
252
-4
-131
-12
-68
5
242
-36
11
-33
23
27
-16
50
46
408
132
-29
-58
0
-68
159
60
-36
11
-33
-58
-89
-16
22
116
-117
112
34
47
296
-68
-15
114
-36
11
-33
-58
-89
-16
0
120
-22
190
30
-125
107
-68
17
-34
-36
11
-33
-58
-89
-10
-65
180
-103
253
-32
34
169
-68
-49
-1
-36
11
-33
-58
-89
-16
36
142
-128
41
48
115
14
-68
50
-34
-36
11
-33
-58
-89
-16
38
117
-122
-6
8
23
217
-68
92
-4
-36
11
72
-58
9
-16
218
-17
-32
-6
-48
-56
-45
-68
205
-34
-36
11
2
-30
193
-16
278
105
-131
102
-69
-115
99
-68
136
198
-36
11
207
-58
124
-16
222
26
-124
122
94
-131
122
-68
113
167
51
11
422
-58
-89
-16
31
-4
35
-6
51
-131
204
-68
148
-34
186
11
94
20
-89
-16
100
67
65
-6
-97
-131
318
-68
133
-13
-36
11
-33
50
-89
-16
140
228
51
630
-116
-131
132
-68
-94
53
-36
11
-33
-58
-89
-16
75
187
-77
214
39
99
-59
-68
25
176
121
11
-33
-58
-89
-16
-41
111
16
-6
30
298
-11
-68
79
41
-36
11
-33
-58
-89
-16
90
11
-86
-6
32
-131
82
-68
-178
1
-36
11
-33
-58
62
-16
145
163
-2
-6
268
-131
-59
-68
-124
-34
-36
11
-33
81
200
-16
-167
-50
-115
-6
303
-131
-59
-68
99
50
-36
11
-33
-58
289
140
-167
-50
236
-6
63
-131
-59
-68
-192
121
-36
369
-33
-58
-89
-4
-167
-50
-257
-6
224
-131
-59
-68
-192
421
-36
142
-33
-58
53
260
-167
-50
377
96
452
397
-59
-68
111
-11
-9
11
-33
-58
-89
-16
-167
-50
29
-6
120
513
-59
-68
-93
217
152
11
139
-58
-89
-16
-167
-50
-135
-6
-28
479
40
-68
-143
-34
235
11
-33
-58
-89
-16
55
304
-125
-6
-166
-18
203
68
-192
178
-36
11
-33
153
-89
-16
331
190
-83
320
-139
-60
52
-63
103
163
-36
11
43
98
11
-16
212
218
-233
131
-55
7
44
-68
140
155
-36
11
18
7
165
-16
181
-50
11
-4
39
-131
199
-68
88
165
-36
11
-33
-58
123
-16
113
-24
123
256
75
-59
-19
-68
84
16
-36
11
-33
-58
55
5
30
-23
97
53
137
-78
154
-68
-22
41
-36
11
-33
-58
-89
23
-99
-22
-71
194
222
92
72
-68
-23
-34
-36
11
-33
-58
-89
-11
-138
68
-90
-6
36
-95
144
-68
-30
-34
285
11
-33
-58
-89
-16
-62
141
-22
-6
1
165
105
-68
47
-34
-15
11
-33
-58
-89
-16
40
133
-173
-6
-137
-82
239
-68
50
-34
-36
11
-33
-58
-89
-16
70
135
29
244
-36
-80
237
-68
48
22
131
11
-33
-58
-89
-16
-17
198
-44
76
-49
-61
202
-68
0
-34
-36
11
-33
-58
-89
-16
154
116
-107
-6
-125
-131
62
-68
21
-34
-36
11
-33
-42
126
-16
250
77
57
300
2
-76
71
-68
148
188
-36
11
-33
-58
88
-16
159
90
19
68
15
72
-59
-68
155
335
-2
11
82
-58
-89
-16
-8
48
119
-6
87
210
112
-68
142
205
-36
11
-33
-27
-82
-16
85
28
140
-6
-22
-131
210
-68
-141
187
-36
11
-33
-58
-60
-16
141
120
-234
425
50
-131
-59
-68
-192
-34
-36
11
-33
-58
201
-16
78
41
-236
-6
330
-131
-59
-68
-144
-34
-36
11
-33
254
115
-16
-137
-24
160
-6
436
-131
-59
-68
390
31
-36
11
-33
-58
-89
165
-167
-50
15
-6
-106
-86
-59
-68
-126
509
-36
192
-33
-58
110
187
-167
-50
81
-6
288
551
-59
-68
142
132
-36
11
-33
-58
-6
-16
-167
-50
120
-6
135
340
-59
-68
-121
289
79
11
298
-58
-89
-16
-115
-39
87
-6
163
262
-41
-68
-118
107
162
11
66
-58
-89
-16
154
24
42
-6
-52
-26
259
-68
127
256
-36
11
104
93
-89
-16
279
139
-84
202
-11
56
204
171
182
214
-36
11
124
152
-89
-16
141
158
-184
72
-59
-131
298
119
106
147
-36
11
-18
-53
-89
-16
179
46
-51
335
-55
-131
209
-68
-88
-34
-36
11
24
-58
-89
-16
50
83
-138
311
18
-131
18
-68
-19
-34
-36
11
-33
-58
114
-16
41
-50
51
-6
-6
-131
-59
-68
51
116
-36
11
-33
-58
142
-16
-53
-18
331
-6
55
164
-59
-68
85
240
-36
11
-33
-58
48
19
-33
-11
282
-6
104
224
-59
-68
-27
174
-36
11
-33
-58
-89
46
-118
40
-80
-6
237
300
158
-68
-46
91
-36
11
-33
-58
-89
-16
-21
34
-66
-6
31
12
15
-68
62
-34
-36
11
-33
-58
-83
-16
107
143
-32
19
-24
172
104
-68
74
25
-36
11
-33
-58
-89
-16
-2
84
-21
158
114
-36
203
-68
31
83
-33
11
-33
-58
-89
-16
7
55
-73
-6
1
-7
-21
-68
36
-34
-36
11
-33
-58
-89
-16
161
163
-34
-6
-19
-15
94
-68
-4
136
-36
11
134
-58
-89
-16
80
146
-68
2
120
29
28
-68
-6
53
-36
11
422
-58
-89
-16
41
-22
-109
-6
19
-131
209
-68
-39
-34
-36
11
326
-58
20
-16
72
-50
44
57
-31
-131
267
-68
-27
-34
1
11
119
-58
-89
-16
-54
-7
158
294
36
-131
91
-68
-23
-34
-36
11
-33
-58
-89
-16
-36
12
88
9
105
-131
-59
-68
-192
-34
-36
11
-33
-58
-89
-16
-53
103
-257
-6
733
-131
-59
-68
-101
-34
-36
11
-33
-58
-89
78
-167
274
-257
-6
118
-61
-59
-68
247
563
-36
11
-14
-58
179
41
-167
-50
278
-6
124
492
-59
-68
31
339
-36
11
-2
-58
-25
-16
-167
-50
18
-6
171
204
-59
-68
-192
349
-26
11
197
-58
-89
-16
-76
-50
90
-6
84
119
89
-68
-19
56
-36
11
153
-58
-89
-16
91
85
-46
-6
-46
-131
345
-68
-67
108
33
11
377
-58
-89
-16
146
62
-212
-6
-53
-64
105
-68
182
12
124
11
216
201
-41
-16
147
135
111
-6
-150
-131
289
-68
124
26
-36
11
-33
22
-36
-16
164
103
17
544
16
-131
332
-68
11
92
-36
11
-33
-58
-89
-16
-14
132
-51
283
-47
-70
-59
-68
94
272
-36
11
-33
-58
-34
-16
107
114
149
-6
-145
342
-59
-68
137
439
-36
11
-33
129
257
-16
264
92
-14
-6
-93
449
-59
-68
174
563
-36
11
0
251
427
-16
319
-50
-68
-6
49
39
-59
-68
118
541
-36
11
-33
187
356
-16
171
-50
127
-6
121
-131
-59
-68
75
571
-36
11
-33
-58
53
-16
50
-7
220
-6
140
7
-59
-68
-62
220
-36
11
-33
-58
-89
-16
35
2
-185
-6
115
-46
119
-68
-165
31
-36
11
-33
-58
-85
-16
-39
-50
-7
70
119
-131
60
-68
-61
55
122
11
-33
-58
-89
-16
-54
23
185
-6
45
135
-46
-68
85
-34
-36
11
-33
-58
-79
-16
92
99
-38
-6
-20
36
152
-68
12
6
-36
11
-33
-58
-89
-16
-54
107
-18
236
104
-131
233
-68
-54
-34
115
11
-33
-58
-89
-16
-167
96
22
-4
-1
-131
127
-68
-72
-34
50
11
-33
-58
-89
-16
-31
174
111
-6
-173
156
-59
-68
54
89
-36
11
-33
-58
-58
32
30
181
254
-6
-61
418
-59
-68
99
201
-36
11
-33
-58
-89
-16
-62
78
130
-6
97
133
-52
-68
-78
136
-36
11
-33
-58
-89
-16
-14
-27
236
-6
418
-17
-59
-68
-153
143
-36
1645
-33
-58
-89
200
42
534
-114
293
385
64
-59
-68
-192
289
-36
11
348
130
142
-16
-92
-11
19
-6
58
117
85
-68
39
213
-36
11
307
-58
46
-16
-82
-50
115
-6
34
-131
115
-68
-192
74
-36
11
240
-58
-89
-16
-120
-34
48
2
93
-130
174
-68
-54
-34
188
11
-7
-58
-89
-16
-92
51
25
-6
-41
-88
231
-68
58
147
511
11
-33
-58
-89
-16
23
217
140
-6
-112
205
86
-68
122
25
-36
11
-33
11
-89
-16
172
197
-183
-6
-173
-8
180
15
99
40
-36
11
-33
123
114
-16
283
60
-96
308
-66
-131
66
-68
117
325
-36
11
-33
4
94
-16
193
112
152
172
31
3
-59
-68
136
491
-36
11
152
-58
17
-16
223
3
-152
-6
-11
391
-59
-58
260
509
-36
11
504
469
97
-16
363
91
-244
-6
-114
-50
264
313
223
556
-36
11
471
718
154
-16
445
83
-203
-5
-173
-131
169
332
107
523
-36
11
266
771
360
-16
534
68
-14
179
-173
-131
-40
-36
181
443
-36
11
271
586
341
-16
334
42
64
131
-14
-131
68
-68
197
417
-36
11
-33
288
189
-16
173
-18
158
181
39
-131
130
-68
-46
260
-36
11
-33
-58
-9
-16
15
32
124
346
97
-131
-52
-68
-192
136
-36
11
-33
-58
-89
-16
-119
24
-116
-6
148
138
-47
-68
-47
-34
-36
11
-33
-58
-89
-16
-35
3
-68
-6
15
-131
144
-68
-109
-34
-36
11
-33
-58
-46
-16
-32
7
107
174
69
-131
86
-68
-42
-34
-36
11
-33
-58
-70
-16
-78
2
208
23
60
62
-59
-68
22
79
-36
11
-33
-58
-17
-16
103
4
-21
-6
11
322
-59
-68
145
127
-36
11
184
-58
223
-16
273
-6
-171
-6
1
99
1
-68
158
302
-36
11
315
128
397
-16
226
-50
80
-6
35
-131
-59
-68
102
269
-36
11
16
223
330
-16
368
-50
84
-6
34
-131
-59
-68
243
589
-36
11
-33
427
-6
340
243
-50
-238
195
157
-131
-59
-68
103
26
-36
11
172
195
-89
-16
-23
63
-70
-6
-129
-131
370
-68
-76
-34
-36
11
8
-58
-89
-16
-20
96
88
388
107
-131
74
-68
-192
-34
-36
11
-33
-58
-89
-16
-167
52
136
234
58
-45
75
-68
-72
-34
2
11
-33
-58
-89
-16
-37
47
75
-6
-21
134
-59
-68
38
-34
155
11
38
-58
-89
-16
-20
84
-87
-6
52
372
182
-68
183
-27
104
11
171
-58
-89
-16
74
82
-183
-6
-50
-131
398
-68
66
-19
-36
11
-33
-58
-42
-16
283
116
-117
259
-132
-131
33
-68
101
119
-36
11
111
89
16
-16
240
170
-87
115
-57
96
8
-68
308
351
256
11
524
93
-89
-16
132
157
-118
-6
-102
-42
267
227
185
285
376
11
510
445
-89
-16
327
181
-253
-6
-173
-131
485
591
282
237
327
11
305
813
-89
-16
473
302
-137
415
-173
-131
442
934
264
318
-36
11
243
795
-89
-16
554
350
-257
508
-173
-131
323
988
289
311
-36
11
228
868
59
-16
539
315
-257
361
-173
-131
200
505
201
326
-36
11
68
781
327
-16
513
128
2
381
-173
-131
26
-68
177
255
-36
11
-33
423
391
-16
280
43
125
498
-14
-131
-20
-68
78
316
-36
11
-33
-58
-28
-16
-75
1
177
240
204
-131
59
-68
-121
30
-36
11
-33
-58
-89
-16
-131
-9
18
-6
104
-102
6
-68
-178
-34
-36
11
-33
-58
-89
38
-55
37
8
17
46
107
-59
-68
-47
4
-36
11
-33
-58
-28
40
-70
44
96
-6
82
339
-59
-68
109
168
15
11
-33
-58
-89
-16
-79
87
30
-6
94
286
132
-68
29
131
-19
11
69
-58
-89
-16
-8
97
-153
-6
-9
-128
294
-68
-84
155
-36
11
222
-58
-89
-16
161
101
-54
-6
-173
-131
-37
-68
27
94
-36
11
308
227
-48
-16
136
246
-117
-6
-79
-131
-59
-19
-192
242
-36
11
-33
746
-25
-16
150
142
-198
68
201
-131
111
-68
124
-34
-36
11
-33
140
-61
-16
139
132
-65
-6
-173
-131
379
-68
-85
-34
-36
11
-33
-58
6
-16
105
75
12
718
43
-131
-3
-68
-75
-34
-36
11
-33
-58
-32
23
-98
13
98
156
97
20
-59
-68
-3
-18
-36
11
-33
-58
-89
0
-125
9
78
-6
143
264
-9
-68
28
-34
1
11
-33
-58
-89
-16
-148
42
-97
-6
82
48
254
-68
-18
-34
192
11
-33
-58
-89
-16
-114
28
81
-6
7
-131
313
-68
-28
-34
185
11
-33
-58
-89
-16
5
152
-137
202
-63
39
108
-68
28
-34
84
11
58
-58
-89
-16
123
245
-231
-6
7
34
293
-68
188
-34
632
11
311
-58
-89
-16
90
217
-199
-6
-141
-61
327
-68
313
64
761
11
226
289
-89
-16
298
282
-109
-6
-173
-131
436
633
304
42
417
11
107
626
-89
-16
481
387
-257
448
-173
-131
600
988
337
157
327
11
244
595
-89
-16
476
358
-257
610
-173
-131
516
1076
357
147
283
11
183
724
-89
-16
515
365
-257
502
-173
-131
417
964
365
171
-36
11
1
799
-25
-16
602
368
-257
594
-173
-131
240
745
253
229
-36
11
-33
780
254
-16
576
258
-186
493
-161
-131
33
-48
203
222
-36
11
-33
362
344
-16
255
34
114
501
22
-131
5
-68
42
229
-36
11
-33
-58
128
-16
-14
-50
199
231
145
-131
-59
-68
-147
113
-36
11
-33
-58
-12
2
-76
-50
32
-6
145
87
-59
-68
-82
103
-36
11
-33
-58
-25
-16
-28
-21
-58
-6
92
215
-59
-68
49
-34
-36
11
33
-58
-85
-16
-31
-11
-10
-6
100
14
256
-68
34
-9
96
11
-3
-58
-89
-16
-21
17
121
24
58
-131
229
-68
19
93
467
11
-31
-58
-89
-16
-28
182
-35
-6
-65
160
89
-68
147
39
745
11
150
11
-89
-16
59
285
-207
-6
-112
-131
115
501
32
81
-36
11
-33
405
-89
-16
330
122
-173
303
132
-131
206
-68
7
-34
-36
11
-33
-58
-79
-16
120
34
-91
-6
-173
-131
280
-68
-81
-34
-36
11
-33
-58
73
-14
115
61
39
649
38
-131
-59
-68
7
41
-36
11
-33
-58
76
46
-14
26
120
-6
54
162
-59
-68
107
137
-36
11
-33
-58
37
-11
-69
-2
113
-6
104
360
-59
-68
84
145
-36
11
-33
-58
-62
-16
-65
-11
132
-6
133
49
174
-68
-66
-4
-36
11
-33
-58
-89
-16
-98
-15
0
104
141
2
64
-68
-100
-34
19
11
-33
-58
-89
20
-133
38
5
-1
91
155
30
-68
61
-34
136
11
-33
-58
-89
-16
-85
128
-132
-6
34
125
227
-68
54
2
570
11
-33
-58
-89
-16
-1
217
-26
-6
8
89
291
-68
143
-34
655
11
78
-58
-89
-16
176
225
-257
-6
-173
114
345
394
311
-34
496
11
116
395
-89
-16
426
327
-257
233
-173
-131
533
528
424
164
543
11
29
645
-89
-16
441
375
-172
525
-173
-131
436
851
396
263
363
11
15
599
-89
-16
440
376
-257
385
-173
-131
446
1235
340
171
53
11
68
625
-89
-16
511
356
-257
577
-173
-131
562
1163
262
-4
-36
11
78
441
-89
-16
502
328
-257
901
-173
-131
454
631
79
-34
-36
11
45
213
68
-16
387
180
-239
674
-102
-131
77
-68
145
-22
-36
11
-33
50
264
-16
168
63
221
222
-64
-131
-59
-68
169
170
-36
11
-33
-58
205
-16
55
-13
275
-6
58
51
-59
-68
79
308
-36
11
-33
-58
-89
-16
-27
13
33
-6
115
28
5
-68
-63
87
-36
11
-33
-58
-89
-16
-20
-13
-98
-6
-22
-92
-59
-68
-58
71
-36
11
-33
-58
-14
-16
67
94
150
-6
10
131
18
-68
35
202
-19
11
-33
-58
-89
-16
7
79
-63
-6
88
176
107
-68
90
-29
416
11
235
-58
-89
-16
106
85
-118
-6
-24
-131
-56
-68
216
51
-36
11
-33
344
-89
-16
310
117
-99
554
-50
-131
132
-68
-10
-34
-36
11
-33
-58
-89
-16
66
75
170
-6
-152
-131
47
-68
-25
119
-36
11
-33
-58
29
45
140
97
-24
322
-35
148
-59
-68
45
267
-36
11
-33
-58
42
-16
74
25
1
-6
40
293
-59
-68
114
234
-36
11
-33
-58
137
-16
108
-18
-89
-6
65
21
132
-68
-47
106
-36
11
11
-58
136
-16
63
-50
-71
86
128
-131
102
-68
-81
-34
-36
11
-33
-58
104
-16
-58
-50
165
190
124
-131
-42
-68
-75
31
-36
11
-33
-58
-40
-11
-114
-50
153
-6
110
188
-59
-68
80
8
-36
11
-33
-58
-2
-16
-7
-6
189
-6
46
230
3
-68
94
75
-36
11
-33
-58
-89
-10
-55
54
-29
21
187
195
292
-68
43
208
552
11
-7
-58
-89
-16
-20
109
-206
-6
-9
65
147
63
207
-34
492
11
-33
22
-89
-16
292
286
-257
-6
-173
34
427
476
239
-24
217
11
220
248
-89
-16
421
283
-257
513
-110
-131
611
665
282
-30
397
11
525
170
-89
-16
313
191
-257
430
-119
-131
584
482
285
-34
471
11
368
284
-89
-16
269
217
-168
501
-173
-131
643
276
216
-34
307
11
-33
278
-89
-16
205
260
-56
720
-173
-131
409
33
175
115
-36
11
-33
105
-89
-16
230
317
12
448
-173
87
-19
6
153
251
-36
11
-33
93
-42
-16
264
288
-156
-6
-70
257
-59
-68
108
285
-36
11
-33
-23
148
-16
205
59
-211
-6
44
-129
-59
-68
-27
277
-36
11
30
-22
102
-16
141
-42
92
5
138
-131
36
-68
99
154
-36
11
-33
-58
-14
-16
115
63
140
11
-58
-131
-59
-68
-78
-34
-36
11
-33
-58
-16
-16
88
0
-256
34
68
-112
79
-68
-28
42
-36
11
161
-58
-89
-16
-9
16
-29
-6
85
-131
98
-68
132
-34
500
11
96
-58
-89
-16
57
152
60
-6
-92
-131
-59
-68
15
54
-36
11
-33
313
-89
-16
282
113
-168
312
26
-131
136
-68
67
-34
-36
11
-2
-58
21
-16
45
-36
-113
-6
-91
-131
-59
-68
-15
95
-36
11
7
-58
102
-16
143
51
133
-6
83
94
-59
-68
181
200
-36
11
229
-58
-29
-16
91
90
-65
-6
-78
95
52
-68
158
26
-36
11
126
-58
-43
-16
63
6
-68
-6
5
-131
461
-68
-26
-31
-36
11
-33
-58
-70
-16
28
19
76
501
6
-131
95
-68
-137
-34
-36
11
-33
-58
-53
0
-77
53
78
238
57
-28
-59
-68
-68
0
-36
11
-33
-58
-80
-16
-92
-6
60
-6
105
240
-59
-68
10
-34
-36
11
15
-58
-36
-16
-5
-28
-89
-6
37
10
91
-68
-19
-34
-36
11
85
-58
53
-16
-12
-50
6
-6
93
-131
188
-68
42
144
547
11
195
-58
-89
-16
-57
13
244
-6
70
103
59
-68
213
-34
375
11
9
-58
-89
-16
126
165
-210
-6
-107
25
487
152
175
-34
281
11
-33
67
-89
-16
189
259
-257
399
-100
-131
475
125
250
86
657
11
-33
136
-89
-16
81
324
82
262
-161
-72
338
272
223
87
360
11
-33
125
-89
-16
181
280
-11
120
-171
143
265
305
125
270
-36
11
-33
108
-89
-16
295
164
-34
172
-80
161
15
167
170
471
-36
11
46
108
59
-16
306
90
-173
-6
-7
309
-59
209
252
362
-36
11
326
220
20
-16
245
76
-210
-6
72
-131
415
304
37
276
-36
11
273
6
-89
-16
174
23
-188
288
25
-131
190
-68
-82
-34
-36
11
45
-58
-89
-16
150
95
-19
266
57
-131
93
-68
-51
-34
-36
11
74
-58
-89
-16
7
162
-24
194
97
-131
151
-68
41
-34
-36
11
-33
-58
-89
-16
-98
37
121
27
-39
-131
68
-68
-89
-34
103
11
-33
-58
-89
-16
-11
106
215
-6
36
112
-21
-68
103
-34
560
11
-33
-58
-89
-16
-83
151
-125
137
42
-131
183
-68
-192
-34
-36
11
-33
-58
-89
-16
71
-50
-257
-6
261
-131
-59
-68
24
174
189
11
-33
-58
-89
-16
-153
-14
155
-6
-67
108
-59
-68
39
49
-18
11
-33
-58
-89
-16
47
101
76
-6
15
548
60
-68
167
317
-36
11
84
9
-89
-16
46
184
-54
-6
54
84
194
-68
39
136
-36
11
-33
-21
-89
-16
86
28
-13
88
-57
-131
234
-68
-115
102
-36
11
-33
-58
18
5
81
43
90
458
20
50
-59
-68
22
33
-36
11
-33
-58
65
75
-15
53
63
107
107
151
-59
-68
-67
92
-36
11
-33
-58
-89
26
-167
-29
-21
-6
243
172
21
-68
-53
-34
-36
11
-33
-58
-89
-16
-167
18
-40
-6
54
-34
140
-68
-82
-34
-36
11
-33
-58
-89
-16
-38
67
88
-6
-65
90
-59
-68
9
60
238
11
-33
-58
-89
-16
-76
143
48
-6
68
435
61
-68
146
-29
21
11
-33
-58
-89
-16
-9
63
-121
-6
2
-131
441
-68
-54
-34
-36
11
-26
-58
-89
-16
168
73
-136
392
-22
-131
233
-68
51
-34
-21
11
208
-58
-89
-16
151
121
-210
224
-26
-62
236
-68
165
-34
-36
11
486
-58
-65
-16
180
35
-167
26
-13
-131
307
-68
115
-34
-36
11
683
-58
-61
-16
157
40
-97
58
-27
-131
260
-68
115
69
264
11
829
-50
-89
-16
140
79
-69
-6
-101
-131
303
-68
192
-34
-36
11
369
251
-38
-16
180
110
-119
181
-173
-131
520
-68
24
-34
8
11
-33
32
-89
-16
116
140
201
811
-38
-131
306
-68
-19
-34
-36
11
-33
-58
-89
-16
-51
152
-26
420
-13
-131
95
-68
-75
-34
-36
11
-33
-58
-89
12
-52
146
78
62
48
45
-32
-68
17
5
-36
11
-33
-58
-36
33
2
63
205
-6
-28
369
-59
-68
152
141
-36
11
-33
-58
62
-16
66
137
29
-6
54
358
-59
-68
168
168
-36
11
-33
-58
-89
-16
-78
35
177
6
203
-131
241
-68
-41
113
-36
861
-33
-58
-89
-16
-39
-30
-125
224
13
-131
-59
-68
-192
236
177
11
151
-58
-89
18
-167
-50
62
-6
82
393
-59
-68
97
74
46
11
202
-58
-17
-16
97
13
-73
-6
-52
442
82
-68
185
312
-36
11
329
216
13
-16
154
27
127
-6
-7
-121
289
-68
87
250
-36
11
46
69
82
-16
199
-28
63
257
-16
-131
132
-68
-84
234
-36
11
-33
-58
122
-16
152
-4
-67
223
37
-58
-59
-68
41
35
-36
11
-33
-58
217
-16
59
-50
38
-6
122
-131
79
-68
-57
44
-36
11
-33
-58
48
-16
-116
-50
100
76
208
-131
-46
-68
-105
-34
-36
11
-33
-58
-71
-2
-151
-50
197
-6
137
-2
-35
-68
-54
-11
-36
11
-33
-58
-48
-4
-5
-14
-4
-6
63
309
-59
-68
86
17
-36
11
-11
-58
-82
-16
-9
44
-31
-6
95
240
147
-68
136
-34
-36
11
-33
-58
-89
-16
-16
-11
119
-6
72
-131
339
-68
-74
22
-36
11
-33
-58
-89
-9
-34
65
-10
269
44
102
-29
-68
91
-15
158
11
-33
-58
-89
14
-99
242
34
-6
-43
205
184
-68
84
4
18
11
-33
-58
-89
-16
-134
224
-38
75
-11
40
311
-68
-139
-34
194
11
-33
-58
-89
-16
-167
214
-150
158
-20
67
221
-68
-69
-34
663
11
-33
-58
-89
-16
-156
277
-146
-6
-111
76
334
-68
16
-34
116
11
-33
-58
-89
-16
74
217
-80
180
-173
-131
315
-68
-75
-34
-36
11
-33
-58
-89
-7
108
179
-52
738
-13
-18
119
-68
27
-34
-36
11
-33
-58
-89
60
-45
96
111
260
63
-65
-20
-68
12
-34
-36
11
-33
-58
-29
52
-45
7
2
-6
79
220
-59
-68
9
201
-36
11
-19
-58
-8
-16
51
6
6
-6
57
356
-59
-68
166
136
-36
11
301
-58
130
-16
136
-8
-131
-6
1
-131
61
-68
-46
-34
-36
11
22
-58
282
-16
156
-50
-46
347
265
-131
228
-68
-192
-16
-36
11
-30
-58
-89
61
-6
48
-21
457
101
-131
-59
-68
29
160
246
11
349
-58
-89
11
-167
-50
-253
-6
138
143
-59
-68
-192
-34
250
11
641
-58
-89
-16
-146
41
-187
-6
-69
-131
297
-68
67
-34
156
11
439
-58
-89
-16
134
104
-83
-6
-173
-131
458
-68
99
-34
-36
11
244
-58
-51
-16
75
69
165
335
-86
-131
266
-68
-8
-34
-36
11
161
-58
-89
-16
-65
68
78
209
-25
-131
124
-68
-50
-34
-36
11
-33
-58
-42
-16
-16
-2
41
-5
-1
-131
119
-68
-90
-34
-36
11
-33
-58
35
-16
-83
4
183
224
50
-70
-59
-68
-82
-34
-36
11
-33
-58
6
17
-138
-50
131
-6
125
103
-59
-68
-70
70
-36
11
-33
-58
-89
-16
-115
-19
72
-6
114
312
-59
-68
84
42
-36
11
-33
-58
-89
-16
-19
42
45
-6
-10
105
103
-68
2
19
-36
11
-33
-58
-8
-16
6
3
131
39
34
-131
152
-68
-154
172
-36
11
-33
-58
-27
-16
22
-33
7
37
89
136
-59
-68
38
-34
-36
11
-33
-58
84
-16
97
-29
-8
-6
55
53
94
-68
87
-34
-36
11
-33
-58
129
-16
56
-50
46
164
148
-131
170
-68
-10
-33
-36
11
-33
-58
-60
16
-79
-50
122
235
188
-92
36
-68
6
-34
116
11
-33
-58
-89
52
-142
25
55
-6
167
116
184
-68
54
-34
-36
11
-33
-58
-89
45
-30
65
5
46
40
-11
111
-68
5
-34
-36
11
-33
-58
-59
125
52
117
-87
218
28
143
-59
-68
58
60
-36
11
-33
-58
86
122
-4
44
79
-6
36
300
-59
-68
164
280
-36
11
-33
-58
116
-16
13
16
241
-6
86
414
-59
-68
128
382
-36
11
-33
-58
-89
-16
-83
84
-58
-6
191
166
308
-68
-150
-13
144
11
226
-58
-89
-16
-167
-50
-257
-6
-173
-131
420
-68
-192
-34
-36
11
-33
-58
-89
-16
-17
-50
-257
450
-173
-131
-57
-68
-192
-34
-36
141
-33
-58
-89
276
-34
265
-139
353
129
-131
-59
-68
19
44
246
183
-33
-58
-89
271
-167
-50
320
109
250
333
-59
-68
-192
-34
818
11
-33
-58
-89
93
-167
-14
-257
-6
-110
-91
93
-68
-192
-34
387
11
-33
-58
-89
60
-167
231
-114
-6
-138
-131
227
-68
91
-34
119
11
-33
-58
-89
26
-52
209
-7
88
-139
214
133
-68
86
-34
20
11
-33
-58
-89
9
-142
157
89
44
3
201
82
-68
13
-34
-36
11
-33
-58
-89
-10
-73
47
58
6
30
33
-1
-68
-120
-34
-36
11
-33
-58
-54
63
-93
39
1
90
107
132
-59
-68
-65
-34
-36
11
-33
-58
-10
41
-137
-44
81
-6
136
120
-59
-68
-57
48
-36
11
-33
-58
-89
-16
-125
-10
50
-6
130
304
-59
-68
69
-34
-36
11
-28
-58
-89
-16
5
29
22
-6
3
40
171
-68
10
-34
-36
11
-33
-58
63
-16
62
-11
9
162
16
-131
128
-68
-71
52
-36
11
-33
-58
-89
-16
-116
34
73
166
135
12
4
-68
-15
-34
-36
11
-33
-58
-89
-16
-85
24
-44
-6
4
-105
138
-68
-72
-34
-36
11
-33
-58
13
-16
34
10
151
-6
-84
-24
-59
-68
27
64
-36
11
-33
-58
168
0
-3
47
244
-6
22
238
-59
-68
5
171
-36
11
-33
-58
38
12
-80
-35
78
-6
182
103
-29
-68
-110
203
-36
11
-33
-58
-17
23
-55
-50
68
-6
87
202
-59
-68
56
178
-36
11
-33
-58
167
16
76
34
135
-6
14
380
-59
-68
97
497
-36
11
-33
-58
176
-16
171
7
-16
-6
75
272
-59
-68
60
383
-36
11
270
-58
212
-16
235
-50
-161
-6
89
-86
-59
-68
96
161
-36
11
395
327
179
-16
114
-50
-72
10
-173
-131
348
-68
-192
-34
-36
327
-33
-58
-89
-16
-167
-50
-257
326
-173
-131
-59
-68
-192
-34
-36
21
-33
-58
-89
133
-167
-50
107
496
34
-131
-59
-68
-192
-34
-15
11
-33
-58
-89
427
-167
47
-257
-6
45
591
-59
-68
144
26
-36
330
-33
-58
-69
241
-167
-50
-106
284
378
378
-59
-68
-192
-34
5
11
-33
-58
-89
216
-167
-50
433
-6
212
-114
-59
-68
-183
-34
55
11
-33
-58
-89
195
-167
-28
-129
-6
45
184
-59
-68
-75
-34
-36
11
-33
-58
-33
200
-62
6
-70
-6
-40
523
-59
-68
245
51
-36
11
-33
-58
151
14
42
60
191
-6
30
304
-59
-68
114
210
-36
11
-33
-58
121
3
7
-42
68
-6
150
23
-22
-68
-138
133
-36
11
-33
-58
14
26
-85
-50
-13
-6
180
4
-59
-68
-108
-6
-36
11
-33
-58
21
40
-117
-50
104
-6
136
139
-59
-68
-51
34
-36
11
-33
-58
-89
-16
-159
-2
51
-6
175
216
34
-68
-32
-34
-36
11
-33
-58
-89
-16
-124
11
-82
-6
43
-79
159
-68
-92
-34
-36
11
-33
-58
-89
-16
-38
25
72
74
-16
-131
54
-68
-101
-34
-36
11
-33
-58
-89
13
-160
34
136
84
104
175
-12
-68
23
-34
-36
11
-33
-58
-89
-16
-118
31
179
-6
51
116
32
-68
-34
111
-36
11
-33
-58
-63
-16
87
72
-51
-6
-46
289
-59
-68
97
49
-36
11
-33
-58
212
-16
190
39
-110
-6
-19
80
4
-68
72
140
-36
11
-33
-58
247
-16
92
-50
67
142
142
-131
58
-68
-72
298
-36
11
68
-58
49
-16
19
-50
75
-6
100
-30
-59
-68
14
52
-36
11
200
-58
90
-16
137
-28
-146
-6
15
35
83
-68
76
50
-36
11
517
-58
-36
-16
101
-7
-105
-6
79
-131
375
-68
53
-34
189
11
446
-58
-89
-16
26
114
-154
212
-32
-131
387
-68
-191
-34
-36
11
-22
271
-17
-16
-66
-50
-257
46
-173
-131
120
-68
-192
-34
-36
11
-33
-58
247
78
-167
-50
244
155
44
-131
-59
-68
-107
-34
-36
11
-33
-58
-89
237
-167
-50
-219
-6
-89
-131
-59
-68
-159
-34
-36
11
-33
-58
-89
161
-167
-50
-187
-6
64
-1
-59
-68
101
36
-36
462
-33
-58
164
245
-167
-50
-10
-5
355
44
-59
-68
-192
-34
-36
11
-33
-58
-89
228
-167
-50
95
-6
159
46
-59
-68
-192
-34
-36
11
-33
-58
-89
135
-167
-50
-46
-6
54
-131
-59
-68
-192
-34
-36
11
146
-58
-89
-16
-167
-46
-138
-6
96
47
-59
-68
0
-34
-36
11
229
-58
62
-16
94
-50
-257
-6
-89
-100
158
-68
129
-34
-36
11
162
-58
267
-16
99
-50
139
122
9
-131
119
-68
60
0
-36
11
-33
-58
190
-16
-6
-50
309
37
28
-131
-59
-68
55
92
-36
11
-33
-58
159
-16
-8
-39
197
-6
55
197
-59
-68
53
140
-36
11
-33
-58
31
-11
-75
-27
102
-6
174
119
78
-68
-47
94
-36
11
-33
-58
-89
-16
-111
-50
101
-6
130
-23
-31
-68
-79
-34
-36
11
-33
-58
-71
40
-56
33
30
39
68
115
-58
-68
-78
49
-36
11
-33
-58
-5
64
-37
1
-14
-6
70
263
-59
-68
97
89
-36
11
-33
-58
101
-16
10
-4
164
-6
62
256
-59
-68
97
325
-36
11
-33
-58
-89
-16
-1
46
-29
-6
107
167
52
-68
5
35
-36
11
-33
-58
-89
-16
47
13
-206
-6
-30
-131
146
-68
-113
-34
-36
11
-33
-58
32
-16
119
25
84
250
-36
-131
36
-68
-5
56
-16
11
-33
-58
-89
-16
-122
104
126
142
99
104
126
-68
1
-2
50
11
-33
-58
-89
-16
-74
62
-121
-6
-20
-64
149
-68
39
-34
126
11
-33
-58
-89
-16
-10
206
77
110
-73
-131
262
-68
32
-34
687
172
-33
-58
-89
-16
-155
-44
-50
750
-173
-131
332
-68
-192
-34
-36
398
-33
-58
-89
-16
-167
-50
-257
-6
-128
-131
-59
-68
-192
-34
-36
58
-33
-58
-89
192
-167
-50
-177
207
596
-131
-59
-68
172
-34
-36
11
-33
-58
-89
130
-167
-50
-90
-6
-162
-131
-59
-68
-192
-34
-36
11
-33
-58
-89
160
-167
-50
-95
-6
133
109
-59
-68
35
38
-36
473
-33
-58
190
246
-167
-50
6
6
341
26
-59
-68
-192
-34
-36
11
-33
-58
-36
171
-167
-50
-41
-6
151
-14
-59
-68
-192
-34
-36
11
-33
-58
-89
238
-167
-50
406
-6
141
-7
-59
-68
-192
-34
314
11
-33
-58
-89
177
-167
-50
-219
-6
79
-11
-59
-68
-192
-34
167
39
-33
-58
-89
101
-167
79
-184
-6
-52
-131
280
-68
-192
-34
-21
11
-33
-58
-89
2
-157
153
-113
107
-95
-79
56
-68
-85
-34
122
11
-33
-58
-89
-16
-75
129
16
-6
-50
293
-59
-68
156
-34
-36
11
24
-58
34
-16
16
32
-2
-6
-36
23
103
-68
27
23
-36
11
18
-58
217
-16
133
-50
29
-6
-24
-51
-59
-68
232
197
-36
11
-33
38
309
-16
108
39
392
-6
-38
94
-59
-68
117
367
-36
11
-33
-58
225
-16
96
-46
58
-6
104
99
-59
-68
-20
465
-36
11
-33
-58
38
-16
33
-42
20
-6
142
156
-59
-68
-17
266
-36
11
-33
-58
66
-16
87
-19
-159
-6
40
47
-59
-68
-16
225
-36
11
90
-58
-16
-16
69
-9
51
-6
123
-20
180
-68
144
146
-36
11
-33
-36
-83
-16
92
99
187
-6
-92
-131
82
-68
5
208
-36
11
-33
-58
-8
-16
175
118
22
-2
-38
130
-59
-68
83
51
-36
11
-33
-58
-35
-16
9
67
99
-6
159
-54
101
-68
22
40
-14
11
-33
-58
-89
-16
-75
-50
-88
398
128
-131
101
-68
-192
-34
215
11
-33
-58
-89
-16
-57
-50
-257
246
-173
-131
-59
-68
-192
-34
-36
11
-33
-58
18
226
-34
-50
-257
9
-92
-131
-59
-68
-192
-34
-36
357
-33
-58
281
401
-167
-50
450
-6
-29
-131
-59
-68
94
-34
-36
11
-33
-58
-89
231
-167
-50
-257
-6
300
173
-59
-68
-146
-34
-36
11
-33
-58
6
109
-167
-50
24
-6
41
-131
-59
-68
-192
-34
-36
11
-33
-58
-89
176
-167
-50
-114
-6
166
189
-59
-68
39
38
-36
473
-33
-58
190
246
-167
-50
6
6
341
26
-59
-68
-192
-34
-36
11
-33
-58
65
170
-167
-50
63
-6
164
-131
-59
-68
-192
-34
-36
11
-33
-58
-80
178
-167
-50
-83
-6
164
26
-59
-68
-192
-34
-36
11
-33
-58
-89
204
-167
-50
353
-6
116
10
-59
-68
-192
-34
41
11
-33
-58
-89
382
-167
-50
8
-6
57
195
-59
-68
-192
-34
-36
422
-33
-58
-89
486
-167
-50
-231
-6
35
105
-59
-68
-192
-34
-36
127
-33
-58
-89
279
-167
116
-224
-6
176
77
72
-68
-10
-34
187
11
-33
-58
-89
78
-167
43
-191
-6
-66
56
23
-68
135
-32
383
11
-33
-58
-89
-16
126
164
197
-6
-173
459
-59
-68
268
103
-36
11
-33
246
208
-16
308
173
-189
-6
-155
199
50
-68
159
495
-36
11
176
348
352
-16
339
-50
6
-6
37
-131
-12
-68
99
506
-36
11
198
190
148
-16
136
-11
188
-6
79
-40
12
-68
82
485
-36
11
122
36
-83
-16
70
-4
62
-6
18
-105
106
-68
-45
285
-36
11
-31
-51
-84
-16
179
58
-120
-6
-5
-120
96
-67
-56
120
-36
11
106
-58
9
-16
227
73
-22
109
67
-131
63
-68
67
-34
-36
11
317
-58
-43
-16
92
37
-159
358
98
-131
303
-68
-192
-34
-36
11
341
-58
122
-16
-16
-50
-257
188
-173
-131
87
-68
-192
-34
-36
11
-33
-58
-85
185
-82
-50
-145
216
-127
-131
-59
-68
-192
-34
-36
228
-33
-58
-89
41
-167
-50
-210
-6
-173
-131
-59
-68
-192
-34
-36
11
-33
-58
-89
204
-167
-50
426
-6
463
-27
-59
-68
-28
-34
-36
11
-33
-58
-89
217
-167
-50
-257
-6
147
196
-59
-68
-192
-34
-36
11
-33
-58
48
133
-167
-50
9
-6
116
-131
-59
-68
-192
-34
-36
11
-33
-58
79
156
-167
-50
82
-6
135
-131
-59
-68
-192
-34
-36
11
-33
-58
-89
176
-167
-50
-114
-6
166
189
-59
-68
39
249
-36
298
-33
-58
409
225
-167
-50
161
-6
326
258
-59
-68
97
86
-36
99
-33
-58
202
94
-167
-50
46
-6
246
107
-59
-68
-1
86
-36
99
-33
-58
201
94
-167
-50
45
-6
246
108
-59
-68
-1
86
-36
11
-33
-58
122
92
-167
-50
-30
-6
237
322
-59
-68
-74
-16
-36
11
-33
-58
128
117
-167
-50
170
-6
178
320
-59
-68
-192
43
-36
11
-33
-58
18
251
-167
-50
221
-6
286
673
-59
-68
-28
-22
-36
157
-33
-58
-89
282
-167
-50
-83
-6
204
589
-59
-68
13
85
-36
605
-33
-58
-89
139
-167
-1
-56
-6
52
414
-59
-68
-13
6
317
11
-33
-58
-89
-16
-57
143
-257
-6
59
497
168
204
109
-34
245
11
507
-58
-89
-16
67
91
-257
-6
-161
-131
513
29
-5
-34
105
11
644
136
-89
-16
170
89
-146
297
-173
-131
356
-68
-91
-34
14
11
706
102
-89
-16
115
123
-200
183
-102
-131
290
-68
-23
-34
205
11
734
-22
-89
-16
14
-24
2
12
-77
-131
365
-68
-53
-34
100
11
433
-58
-89
-16
8
30
-131
219
-131
-131
303
-68
-78
-34
66
11
161
-58
-89
-16
0
137
-155
336
-90
-131
251
-68
-88
-34
4
11
-33
-58
-89
65
-167
173
-113
349
-77
-131
246
-68
-4
-34
-36
323
-33
43
-89
-16
-167
-50
-69
-6
-173
32
-59
-68
-192
-34
-36
11
-33
-58
-89
96
-167
127
351
143
459
785
-59
-68
209
-34
-36
11
-33
-58
-89
223
-167
-50
165
-6
221
176
-59
-68
475
331
-36
635
-33
-58
-89
136
-167
-50
-257
-6
424
398
-59
-68
307
-34
-36
11
-33
-58
223
15
-167
-50
59
-6
79
-131
-59
-68
50
82
-36
92
-33
-58
204
92
-167
-50
48
-6
242
97
-59
-68
-2
86
-36
99
-33
-58
202
94
-167
-50
46
-6
246
107
-59
-68
-1
298
-36
13
-33
-58
-89
58
-167
-50
-92
-6
237
465
-59
-68
93
