-297
263
66
-66
-22
-269
-246
54
-297
263
66
-66
-22
-269
-246
54
-297
263
66
-66
-22
-269
-246
54
-297
263
66
-66
-22
-269
-246
54
-297
263
66
-66
-22
-269
-246
54
-297
263
66
-66
-22
-269
-246
54
-297
263
66
-66
-22
-269
-246
54
-297
263
66
-66
-22
-269
-246
54
-297
263
66
-66
-22
-269
-246
54
-297
263
66
-66
-22
-269
-246
54
-297
263
66
-66
-22
-269
-246
54
-297
263
66
-66
-22
-269
-246
54
-297
263
66
-66
-22
-269
-246
54
-297
263
66
-66
-22
-269
-246
54
-297
263
66
-66
-22
-269
-246
54
-297
-33
49
-66
-22
-269
-229
-4
-295
-33
73
-66
100
-238
-164
-4
-252
-33
278
-66
114
-205
-100
20
-228
-33
139
-66
-22
-190
-27
274
-188
-33
0
-66
185
-144
44
106
-117
-33
0
-66
65
-80
142
434
-67
-33
100
-66
-22
-73
232
604
-70
-33
53
-66
-22
-97
231
249
-87
-33
159
-66
-22
-108
175
54
-69
-33
0
-66
-22
-70
216
45
-35
-33
14
-66
-22
-60
255
362
-12
-33
505
-66
-22
-106
266
-4
-59
-33
699
-66
-22
-139
194
-4
-146
-33
510
-66
-22
-157
94
167
-205
-33
0
-66
-22
-176
45
540
-262
-33
195
-66
-22
-213
-80
481
-297
-1
0
-66
-22
-248
-137
428
-297
208
20
-66
-22
-269
-223
138
-297
263
66
-66
-22
-269
-246
54
-297
263
66
-66
-22
-269
-246
54
-297
263
66
-66
-22
-269
-246
54
-297
263
66
-66
-22
-269
-246
54
-297
263
66
-66
-22
-269
-246
54
-297
263
66
-66
-22
-269
-246
54
-297
263
66
-66
-22
-269
-246
54
-297
263
66
-66
-22
-269
-246
54
-297
263
66
-66
-22
-269
-246
54
-297
263
66
-66
-22
-269
-246
54
-297
263
66
-66
-22
-269
-246
54
-297
263
66
-66
-22
-269
-246
54
-297
263
66
-66
-22
-269
-246
54
-297
263
66
-66
-22
-269
-246
54
-297
263
66
-66
-22
-269
-246
54
-297
263
66
-66
-22
-269
-246
54
-297
263
66
-66
-22
-269
-246
54
-297
263
66
-66
-22
-269
-246
54
-297
263
66
-66
-22
-269
-246
54
-297
263
66
-66
-22
-269
-246
54
-297
263
66
-66
-22
-269
-246
54
-297
263
66
-66
-22
-269
-246
54
-297
263
66
-66
-22
-269
-246
54
-297
263
66
-66
-22
-269
-246
54
-297
263
66
-66
-22
-269
-246
54
-297
263
66
-66
-22
-269
-246
54
-297
263
66
-66
-22
-269
-246
54
-297
-33
37
-66
-22
-261
-206
-4
-289
-33
230
-66
107
-234
-163
-4
-264
-33
174
-66
24
-215
-97
166
-251
-33
61
-66
45
-198
-62
234
-215
-33
0
-66
155
-147
6
231
-155
-33
0
-66
-22
-116
74
355
-109
-33
131
-66
-22
-115
126
-4
-105
-33
0
-66
-22
-49
206
-4
-60
-33
0
-66
-22
22
243
-4
9
-33
0
-66
-22
7
127
-4
3
-33
0
-66
-22
-16
23
-4
0
-33
0
-66
-22
3
31
-4
17
-33
0
-66
-22
74
127
-4
51
-33
0
-66
-22
87
96
-4
86
-33
0
-66
-22
23
-75
-4
58
-33
0
-66
-22
-30
-24
-4
-2
-33
281
-66
-22
-84
116
-4
-64
-33
308
-66
-22
-114
180
-4
-132
-33
340
-66
-22
-156
74
54
-184
-33
367
-66
-22
-200
7
-4
-244
-33
184
-66
-22
-210
-61
131
-267
-33
136
-66
-22
-216
-91
315
-297
24
91
-66
-22
-239
-141
456
-297
125
0
-66
-22
-264
-190
294
-297
263
66
-66
-22
-269
-246
54
-297
263
66
-66
-22
-269
-246
54
-297
263
66
-66
-22
-269
-246
54
-297
263
66
-66
-22
-269
-246
54
-297
263
66
-66
-22
-269
-246
54
-297
263
66
-66
-22
-269
-246
54
-297
263
66
-66
-22
-269
-246
54
-297
263
66
-66
-22
-269
-246
54
-297
263
66
-66
-22
-269
-246
54
-297
263
66
-66
-22
-269
-246
54
-297
263
66
-66
-22
-269
-246
54
-297
263
66
-66
-22
-269
-246
54
-297
263
66
-66
-22
-269
-246
54
-297
263
66
-66
-22
-269
-246
54
-297
263
66
-66
-22
-269
-246
54
-297
263
66
-66
-22
-269
-246
54
-297
263
66
-66
-22
-269
-246
54
-297
263
66
-66
-22
-269
-246
54
-297
263
66
-66
-22
-269
-246
54
-297
263
66
-66
-22
-269
-246
54
-297
263
66
-66
-22
-269
-246
54
-297
263
66
-66
-22
-269
-246
54
-297
69
61
-66
-22
-269
-239
26
-297
-33
45
-66
102
-244
-166
-4
-236
-33
224
-66
358
-179
-79
-4
-177
-33
0
-66
-22
-132
62
551
-139
-33
84
-66
-22
-129
110
304
-134
-33
117
-66
-22
-117
135
109
-139
-33
0
-66
-22
-64
176
-4
-95
-33
0
-66
-22
-36
118
-4
-46
-33
0
-66
-22
-38
22
-4
-60
-33
0
-66
-22
3
69
-4
-36
-33
0
-66
-22
34
45
-4
20
-33
0
-66
-22
2
-97
-4
6
-33
0
-66
-22
-16
-88
-4
5
-33
0
-66
-22
28
47
-4
57
-33
0
-66
-22
75
134
-4
91
-33
0
-66
-22
59
161
-4
50
-33
0
-66
-22
29
89
-4
0
-33
0
-66
-22
30
29
-4
17
-33
0
-66
-22
-11
-82
-4
3
-33
0
-66
-22
-40
-74
-4
-33
-33
23
-66
-22
-83
-29
-4
-58
-33
210
-66
-22
-125
-17
-4
-104
-33
166
-66
-22
-125
105
-4
-108
-33
287
-66
-22
-123
144
103
-158
-33
460
-66
-22
-169
75
386
-255
-33
119
-66
-22
-227
-44
365
-297
125
0
-66
-22
-262
-189
294
-297
249
53
-66
-22
-269
-240
78
-297
263
66
-66
-22
-269
-246
54
-297
263
66
-66
-22
-269
-246
54
-297
263
66
-66
-22
-269
-246
54
-297
263
66
-66
-22
-269
-246
54
-297
263
66
-66
-22
-269
-246
54
-297
263
66
-66
-22
-269
-246
54
-297
263
66
-66
-22
-269
-246
54
-297
263
66
-66
-22
-269
-246
54
-297
263
66
-66
-22
-269
-246
54
-297
263
66
-66
-22
-269
-246
54
-297
263
66
-66
-22
-269
-246
54
-297
263
66
-66
-22
-269
-246
54
-297
263
66
-66
-22
-269
-246
54
-297
263
66
-66
-22
-269
-246
54
-297
263
66
-66
-22
-269
-246
54
-297
263
66
-66
-22
-269
-246
54
-297
263
66
-66
-22
-269
-246
54
-297
263
66
-66
-22
-269
-246
54
-297
-33
57
-66
-22
-269
-234
4
-297
-33
100
-66
-7
-256
-200
-4
-278
-33
145
-66
116
-224
-134
-4
-189
-33
0
-66
442
-134
26
-4
-125
-33
35
-66
11
-51
174
505
-71
-33
0
-66
-22
-35
254
-4
-58
-33
0
-66
-22
-47
100
-4
-56
-33
0
-66
-22
-46
55
-4
-62
-33
0
-66
-22
-29
68
-4
-50
-33
0
-66
-22
-19
31
-4
-34
-33
0
-66
-22
-18
-21
-4
-41
-33
0
-66
-22
-7
-6
-4
-35
-33
0
-66
-22
1
-23
-4
-16
-33
0
-66
-22
-11
-79
-4
-23
-33
0
-66
-22
-13
-57
-4
-41
-33
0
-66
-22
38
36
-4
-2
-33
0
-66
-22
73
22
-4
61
-33
0
-66
-22
39
-94
-4
43
-33
0
-66
-22
1
-109
-4
-11
-33
0
-66
-22
0
-53
-4
-18
-33
0
-66
-22
-9
-72
-4
-19
-33
0
-66
-22
-18
-73
-4
-26
-33
0
-66
-22
-33
-40
-4
-31
-33
0
-66
-22
-47
-23
-4
-31
-33
0
-66
-22
-31
67
-4
8
-33
0
-66
-22
-14
120
-4
9
-33
395
-66
-22
-85
83
-4
-108
-33
460
-66
-22
-180
31
-4
-250
-33
151
-66
-22
-226
-55
132
-297
-33
114
-66
-22
-246
-162
228
-297
147
31
-66
-22
-261
-196
252
-297
221
27
-66
-22
-269
-229
126
-297
263
66
-66
-22
-269
-246
54
-297
263
66
-66
-22
-269
-246
54
-297
263
66
-66
-22
-269
-246
54
-297
263
66
-66
-22
-269
-246
54
-297
263
66
-66
-22
-269
-246
54
-297
263
66
-66
-22
-269
-246
54
-297
263
66
-66
-22
-269
-246
54
-297
263
66
-66
-22
-269
-246
54
-297
263
66
-66
-22
-269
-246
54
-297
263
66
-66
-22
-269
-246
54
-297
263
66
-66
-22
-269
-246
54
-297
263
66
-66
-22
-269
-246
54
-297
263
66
-66
-22
-269
-246
54
-297
263
66
-66
-22
-269
-246
54
-297
263
66
-66
-22
-269
-246
54
-297
-33
51
-66
-22
-268
-226
-4
-297
-33
84
-66
93
-238
-172
-4
-227
-33
51
-66
240
-177
-50
-4
-128
-33
64
-66
180
-98
122
49
-94
-33
0
-66
-22
10
282
283
-43
-33
0
-66
-22
24
282
-4
1
-33
25
-66
-22
-19
46
-4
-26
-33
0
-66
-22
-20
-13
-4
-34
-33
0
-66
-22
-18
-21
-4
-34
-33
0
-66
-22
-18
-21
-4
-34
-33
0
-66
-22
-18
-21
-4
-34
-33
0
-66
-22
-18
-21
-4
-34
-33
0
-66
-22
-18
-21
-4
-34
-33
0
-66
-22
-18
-21
-4
-34
-33
0
-66
-22
-18
-21
-4
-36
-33
0
-66
-22
-16
-18
-4
-47
-33
0
-66
-22
8
7
-4
-34
-33
0
-66
-22
25
-32
-4
-1
-33
0
-66
-22
12
-134
-4
0
-33
0
-66
-22
-10
-134
-4
-22
-33
0
-66
-22
-18
-62
-4
-34
-33
0
-66
-22
-18
-21
-4
-34
-33
0
-66
-22
-18
-21
-4
-34
-33
0
-66
-22
-18
-21
-4
-34
-33
0
-66
-22
-18
-21
-4
-36
-33
0
-66
-22
6
4
-4
-15
-33
0
-66
-22
33
17
-4
38
-33
0
-66
-22
-31
-68
-4
8
-33
385
-66
-22
-123
-88
-4
-103
-33
366
-66
-22
-153
19
-4
-188
-33
275
-66
-22
-176
19
325
-255
-33
143
-66
-22
-223
-59
394
-297
103
26
-66
-22
-259
-169
231
-297
231
35
-66
-22
-269
-233
110
-297
263
66
-66
-22
-269
-246
54
-297
263
66
-66
-22
-269
-246
54
-297
263
66
-66
-22
-269
-246
54
-297
263
66
-66
-22
-269
-246
54
-297
263
66
-66
-22
-269
-246
54
-297
263
66
-66
-22
-269
-246
54
-297
263
66
-66
-22
-269
-246
54
-297
263
66
-66
-22
-269
-246
54
-297
263
66
-66
-22
-269
-246
54
-297
263
66
-66
-22
-269
-246
54
-297
263
66
-66
-22
-269
-246
54
-297
263
66
-66
-22
-269
-246
54
-297
263
66
-66
-22
-269
-246
54
-297
69
61
-66
-22
-269
-239
26
-277
-33
0
-66
229
-223
-132
-4
-178
-33
222
-66
505
-125
20
-4
-113
-33
0
-66
-22
-40
199
449
-68
-33
0
-66
-22
9
261
69
-37
-33
0
-66
-22
27
210
-4
11
-33
29
-66
-22
6
33
-4
10
-33
0
-66
-22
-10
-128
-4
-21
-33
0
-66
-22
-15
-42
-4
-29
-33
0
-66
-22
-15
-12
-4
-31
-33
0
-66
-22
-16
-14
-4
-33
-33
0
-66
-22
-18
-17
-4
-33
-33
0
-66
-22
-17
-18
-4
-32
-33
0
-66
-22
-17
-18
-4
-32
-33
0
-66
-22
-17
-16
-4
-34
-33
0
-66
-22
-18
-19
-4
-34
-33
0
-66
-22
-18
-21
-4
-34
-33
0
-66
-22
-18
-21
-4
-34
-33
0
-66
-22
-18
-21
-4
-34
-33
0
-66
-22
-18
-21
-4
-34
-33
0
-66
-22
-18
-21
-4
-34
-33
0
-66
-22
-18
-21
-4
-34
-33
0
-66
-22
-18
-21
-4
-34
-33
0
-66
-22
-18
-21
-4
-33
-33
0
-66
-22
-17
-18
-4
-32
-33
0
-66
-22
-17
-18
-4
-41
-33
0
-66
-22
-2
3
-4
-41
-33
0
-66
-22
18
-8
-4
-4
-33
0
-66
-22
-4
-117
-4
9
-33
0
-66
-22
-51
-149
-4
-33
-33
0
-66
-22
-73
-4
-4
-64
-33
209
-66
-22
-108
67
-4
-120
-33
464
-66
-22
-169
6
-4
-238
-33
252
-66
-22
-224
-77
166
-297
86
0
-66
-22
-260
-166
284
-297
254
57
-66
-22
-269
-242
70
-297
263
66
-66
-22
-269
-246
54
-297
263
66
-66
-22
-269
-246
54
-297
263
66
-66
-22
-269
-246
54
-297
263
66
-66
-22
-269
-246
54
-297
263
66
-66
-22
-269
-246
54
-297
263
66
-66
-22
-269
-246
54
-297
263
66
-66
-22
-269
-246
54
-297
263
66
-66
-22
-269
-246
54
-297
263
66
-66
-22
-269
-246
54
-297
263
66
-66
-22
-269
-246
54
-297
263
66
-66
-22
-269
-246
54
-297
263
66
-66
-22
-269
-246
54
-274
-33
0
-66
228
-228
-128
-4
-184
-33
171
-66
732
-98
23
-4
-75
-33
0
-66
-22
18
292
604
22
-33
0
-66
-22
46
343
-4
21
-33
143
-66
-22
66
211
-4
71
-33
0
-66
-22
61
47
-4
71
-33
47
-66
-22
33
-79
-4
43
-33
0
-66
-22
32
128
-4
56
-33
0
-66
-22
43
119
-4
76
-33
3
-66
-22
61
161
-4
39
-33
0
-66
-22
36
133
-4
-9
-33
0
-66
-22
-1
62
-4
4
-33
0
-66
-22
6
38
-4
26
-33
69
-66
-22
26
56
-4
12
-33
0
-66
-22
16
86
-4
-21
-33
0
-66
-22
-9
24
-4
-34
-33
0
-66
-22
-18
-21
-4
-34
-33
0
-66
-22
-18
-21
-4
-34
-33
0
-66
-22
-18
-21
-4
-34
-33
0
-66
-22
-18
-21
-4
-34
-33
0
-66
-22
-18
-21
-4
-34
-33
0
-66
-22
-18
-21
-4
-34
-33
0
-66
-22
-18
-21
-4
-34
-33
0
-66
-22
-18
-21
-4
4
-33
0
-66
-22
6
38
-4
26
-33
69
-66
-22
26
56
-4
12
-33
0
-66
-22
16
86
-4
-21
-33
0
-66
-22
-9
24
-4
-34
-33
0
-66
-22
-18
-21
-4
-34
-33
0
-66
-22
-18
-21
-4
4
-33
0
-66
-22
6
38
-4
40
-33
113
-66
-22
1
24
-4
18
-33
78
-66
-22
-67
45
-4
-93
-33
355
-66
-22
-163
21
-4
-238
-31
347
-66
-22
-226
-76
95
-297
62
0
-66
-22
-259
-163
381
-297
263
66
-66
-22
-269
-246
54
-297
263
66
-66
-22
-269
-246
54
-297
263
66
-66
-22
-269
-246
54
-297
263
66
-66
-22
-269
-246
54
-297
263
66
-66
-22
-269
-246
54
-297
263
66
-66
-22
-269
-246
54
-297
263
66
-66
-22
-269
-246
54
-297
263
66
-66
-22
-269
-246
54
-297
263
66
-66
-22
-269
-246
54
-297
263
66
-66
-22
-269
-246
54
-297
-33
58
-66
-22
-269
-235
10
-266
-33
34
-66
244
-225
-121
-4
-179
-33
125
-66
725
-98
24
-4
-117
-33
0
-66
-22
24
311
792
-13
-33
0
-66
-22
71
314
-4
111
-33
0
-66
-22
90
77
-4
114
-33
39
-66
-22
47
38
-4
58
-33
0
-66
-22
46
157
-4
30
-33
0
-66
-22
29
65
-4
51
-33
0
-66
-22
20
90
-4
40
-33
0
-66
-22
57
95
-4
79
-33
0
-66
-22
58
133
-4
71
-33
117
-66
-22
7
99
-4
12
-33
46
-66
-22
-21
30
-4
-15
-33
0
-66
-22
22
24
-4
20
-33
0
-66
-22
32
58
-4
36
-33
37
-66
-22
-6
60
-4
-10
-33
0
-66
-22
-20
6
-4
-34
-33
0
-66
-22
-18
-21
-4
-34
-33
0
-66
-22
-18
-21
-4
-34
-33
0
-66
-22
-18
-21
-4
-34
-33
0
-66
-22
-18
-21
-4
-34
-33
0
-66
-22
-18
-21
-4
-34
-33
0
-66
-22
-18
-21
-4
-34
-33
0
-66
-22
-18
-21
-4
-34
-33
0
-66
-22
-18
-21
-4
-15
-33
0
-66
-22
22
24
-4
20
-33
0
-66
-22
32
58
-4
36
-33
37
-66
-22
-6
60
-4
-10
-33
0
-66
-22
-20
6
-4
-34
-33
0
-66
-22
-18
-21
-4
-34
-33
0
-66
-22
-18
-21
-4
-15
-33
0
-66
-22
22
24
-4
20
-33
0
-66
-22
32
58
-4
64
-33
64
-66
-22
-18
59
-4
48
-33
306
-66
-22
-70
20
-4
-61
-33
598
-66
-22
-141
42
-4
-217
-33
241
-66
-22
-211
11
342
-297
50
0
-66
-22
-255
-159
424
-297
244
48
-66
-22
-269
-238
86
-297
263
66
-66
-22
-269
-246
54
-297
263
66
-66
-22
-269
-246
54
-297
263
66
-66
-22
-269
-246
54
-297
263
66
-66
-22
-269
-246
54
-297
263
66
-66
-22
-269
-246
54
-297
263
66
-66
-22
-269
-246
54
-297
263
66
-66
-22
-269
-246
54
-297
-33
46
-66
-22
-266
-219
-4
-259
-33
82
-66
279
-214
-112
-4
-134
-33
0
-66
742
-77
98
-4
-50
-33
0
-66
70
72
415
530
32
-33
0
-66
-22
86
383
-4
73
-33
0
-66
-22
82
86
-4
89
-33
0
-66
-22
130
100
-4
122
-33
0
-66
-22
71
18
-4
53
-33
0
-66
-22
52
37
-4
-2
-33
0
-66
-22
31
-68
-4
19
-33
0
-66
-22
25
-135
-4
-21
-33
0
-66
-22
63
-20
-4
21
-33
0
-66
-22
64
-114
-4
56
-33
0
-66
-22
9
-218
-4
14
-33
0
-66
-22
-19
-139
-4
-52
-33
0
-66
-22
27
33
-4
-17
-33
0
-66
-22
35
-33
-4
29
-33
0
-66
-22
-4
-162
-4
-8
-33
0
-66
-22
-19
-86
-4
-34
-33
0
-66
-22
-18
-21
-4
-34
-33
0
-66
-22
-18
-21
-4
-34
-33
0
-66
-22
-18
-21
-4
-34
-33
0
-66
-22
-18
-21
-4
-34
-33
0
-66
-22
-18
-21
-4
-34
-33
0
-66
-22
-18
-21
-4
-34
-33
0
-66
-22
-18
-21
-4
-34
-33
0
-66
-22
-18
-21
-4
-26
-33
0
-66
-22
42
72
-4
23
-33
0
-66
-22
64
16
-4
58
-33
0
-66
-22
20
-91
-4
0
-33
0
-66
-22
-12
-56
-4
-34
-33
0
-66
-22
-18
-21
-4
-34
-33
0
-66
-22
-18
-21
-4
-52
-33
0
-66
-22
27
33
-4
-17
-33
0
-66
-22
35
-33
-4
43
-33
0
-66
-22
15
-139
-4
47
-33
0
-66
-22
13
-30
-4
42
-33
201
-66
-22
-70
14
-4
-61
-33
589
-66
-22
-171
18
-4
-231
-33
363
-66
-22
-223
-39
57
-297
61
0
-66
-22
-253
-157
357
-297
217
22
-66
-22
-269
-227
134
-297
263
66
-66
-22
-269
-246
54
-297
263
66
-66
-22
-269
-246
54
-297
263
66
-66
-22
-269
-246
54
-297
263
66
-66
-22
-269
-246
54
-297
263
66
-66
-22
-269
-246
54
-297
263
66
-66
-22
-269
-246
54
-297
-33
0
-66
48
-245
-191
-4
-181
-33
0
-66
595
-111
34
-4
-41
-33
0
-66
298
95
368
-4
116
-33
0
-66
-22
159
473
-4
166
-33
0
-66
-22
82
171
-4
89
-33
0
-66
-22
68
138
-4
85
-33
0
-66
-22
134
175
-4
155
-33
0
-66
-22
89
55
-4
99
-33
0
-66
-22
30
24
-4
-13
-33
0
-66
-22
5
17
-4
-8
-33
0
-66
-22
2
-30
-4
-3
-33
0
-66
-22
21
13
-4
-1
-33
0
-66
-22
20
-2
-4
-7
-33
0
-66
-22
-4
-46
-4
-24
-33
0
-66
-22
-18
-56
-4
-40
-33
0
-66
-22
-8
-8
-4
-32
-33
0
-66
-22
-7
-29
-4
-21
-33
0
-66
-22
-15
-63
-4
-22
-33
0
-66
-22
-14
-28
-4
-3
-33
0
-66
-22
1
24
-4
-4
-33
0
-66
-22
5
23
-4
-18
-33
0
-66
-22
-6
32
-4
-18
-33
0
-66
-22
-8
6
-4
-3
-33
0
-66
-22
3
20
-4
-9
-33
0
-66
-22
1
29
-4
-25
-33
0
-66
-22
-11
12
-4
-34
-33
0
-66
-22
-18
-21
-4
-10
-33
0
-66
-22
27
44
-4
29
-33
0
-66
-22
43
55
-4
42
-33
0
-66
-22
7
39
-4
-8
-33
0
-66
-22
-15
0
-4
-33
-33
0
-66
-22
-17
-18
-4
-8
-33
0
-66
-22
-3
18
-4
-8
-33
0
-66
-22
16
33
-4
-10
-33
0
-66
-22
10
30
-4
-24
-33
0
-66
-22
12
-21
-4
-24
-33
0
-66
-22
38
-7
-4
27
-33
0
-66
-22
-11
-114
-4
22
-33
143
-66
-22
-99
-158
-4
-120
-33
434
-66
-22
-179
-82
-4
-256
-33
150
-66
-22
-241
-81
108
-297
198
64
-66
-22
-269
-208
57
-297
263
66
-66
-22
-269
-246
54
-297
263
66
-66
-22
-269
-246
54
-297
263
66
-66
-22
-269
-246
54
-297
263
66
-66
-22
-269
-246
54
-297
263
66
-66
-22
-269
-246
54
-297
-33
57
-66
-22
-269
-234
4
-297
-33
0
-66
237
-208
-141
-4
-193
-33
0
-66
652
1
127
-4
6
-33
0
-66
-22
164
285
-4
169
-33
0
-66
-22
154
177
-4
152
-33
0
-66
-22
64
-41
-4
74
-33
0
-66
-22
47
-37
-4
67
-33
0
-66
-22
122
98
-4
162
-33
0
-66
-22
106
67
-4
138
-33
140
-66
-22
35
38
-4
16
-33
0
-66
-22
-3
81
-4
-5
-33
0
-66
-22
9
32
-4
27
-33
0
-66
-22
33
66
-4
30
-33
0
-66
-22
14
82
-4
-6
-33
0
-66
-22
-11
39
-4
-34
-33
0
-66
-22
-18
-21
-4
-34
-33
0
-66
-22
-18
-21
-4
-34
-33
0
-66
-22
-18
-21
-4
-34
-33
0
-66
-22
-18
-21
-4
-23
-33
0
-66
-22
-7
-2
-4
22
-33
0
-66
-22
34
68
-4
38
-33
12
-66
-22
28
80
-4
16
-33
0
-66
-22
-3
81
-4
-5
-33
0
-66
-22
9
32
-4
27
-33
0
-66
-22
33
66
-4
34
-33
0
-66
-22
16
89
-4
17
-33
0
-66
-22
3
72
-4
5
-33
0
-66
-22
9
36
-4
-8
-33
0
-66
-22
52
92
-4
9
-33
0
-66
-22
45
38
-4
34
-33
0
-66
-22
-5
-83
-4
-8
-33
0
-66
-22
-20
-56
-4
-30
-33
0
-66
-22
-15
-15
-4
12
-33
0
-66
-22
27
55
-4
37
-33
0
-66
-22
34
75
-4
27
-33
0
-66
-22
4
94
-4
-26
-33
0
-66
-22
-7
16
-4
-38
-33
0
-66
-22
2
-14
-4
-17
-33
0
-66
-22
-10
-74
-4
-9
-33
0
-66
-22
-38
-95
-4
-60
-33
214
-66
-22
-128
-115
-4
-174
-33
321
-66
-22
-220
-149
-4
-297
210
84
-66
-22
-259
-194
7
-297
221
27
-66
-22
-269
-229
126
-297
263
66
-66
-22
-269
-246
54
-297
263
66
-66
-22
-269
-246
54
-297
263
66
-66
-22
-269
-246
54
-297
263
66
-66
-22
-269
-246
54
-297
-33
0
-66
8
-254
-199
-4
-259
-33
0
-66
426
-156
-52
-4
-197
-33
0
-66
262
40
178
-4
-37
-33
0
-66
-22
126
129
-4
101
-33
0
-66
-22
72
-155
-4
78
-33
0
-66
-22
15
-198
-4
9
-33
0
-66
-22
24
-112
-4
-13
-33
0
-66
-22
83
10
-4
57
-33
0
-66
-22
81
-54
-4
93
-33
0
-66
-22
13
-137
-4
28
-33
26
-66
-22
-21
-69
-4
-32
-33
0
-66
-22
15
11
-4
-11
-33
0
-66
-22
36
17
-4
29
-33
0
-66
-22
-2
-49
-4
3
-33
0
-66
-22
-22
-53
-4
-34
-33
0
-66
-22
-18
-21
-4
-34
-33
0
-66
-22
-18
-21
-4
-34
-33
0
-66
-22
-18
-21
-4
-34
-33
0
-66
-22
-18
-21
-4
-35
-33
0
-66
-22
-4
-6
-4
-26
-33
0
-66
-22
44
35
-4
24
-33
0
-66
-22
17
-23
-4
28
-33
26
-66
-22
-21
-69
-4
-32
-33
0
-66
-22
15
11
-4
-11
-33
0
-66
-22
36
17
-4
42
-33
0
-66
-22
9
-29
-4
69
-33
0
-66
-22
32
47
-4
89
-33
0
-66
-22
75
163
-4
74
-33
0
-66
-22
78
214
-4
31
-33
0
-66
-22
36
94
-4
5
-33
0
-66
-22
-6
-86
-4
-22
-33
0
-66
-22
-18
-62
-4
-34
-33
0
-66
-22
-14
-16
-4
-34
-33
0
-66
-22
38
35
-4
11
-33
0
-66
-22
28
-1
-4
36
-33
0
-66
-22
-15
-69
-4
-18
-33
0
-66
-22
-20
-36
-4
-34
-33
0
-66
-22
-18
-21
-4
-33
-33
0
-66
-22
-18
-20
-4
-25
-33
0
-66
-22
-13
-7
-4
-8
-33
88
-66
-22
-74
-76
-4
-86
-33
377
-66
-22
-165
-124
-4
-243
-33
137
-66
-22
-231
-108
115
-297
146
9
-66
-22
-267
-189
158
-297
263
66
-66
-22
-269
-246
54
-297
263
66
-66
-22
-269
-246
54
-297
263
66
-66
-22
-269
-246
54
-297
224
65
-66
-22
-269
-244
49
-297
-33
0
-66
215
-217
-145
-4
-183
-33
0
-66
498
-75
63
-4
-99
-33
0
-66
-22
41
219
-4
-24
-33
0
-66
-22
57
126
-4
16
-33
0
-66
-22
15
-187
-4
7
-33
0
-66
-22
-11
-159
-4
-33
-33
0
-66
-22
-3
-34
-4
-46
-33
0
-66
-22
27
2
-4
-19
-33
0
-66
-22
38
-84
-4
19
-33
0
-66
-22
9
-188
-4
4
-33
0
-66
-22
-14
-140
-4
-40
-33
0
-66
-22
4
-1
-4
-34
-33
0
-66
-22
17
-23
-4
-1
-33
0
-66
-22
-3
-121
-4
-12
-33
0
-66
-22
-17
-92
-4
-34
-33
0
-66
-22
-18
-21
-4
-34
-33
0
-66
-22
-18
-21
-4
-34
-33
0
-66
-22
-18
-21
-4
-33
-33
0
-66
-22
-18
-20
-4
-37
-33
0
-66
-22
-8
-6
-4
-46
-33
0
-66
-22
23
11
-4
-9
-33
0
-66
-22
7
-94
-4
2
-33
0
-66
-22
-15
-142
-4
-42
-33
0
-66
-22
2
-6
-4
-35
-33
0
-66
-22
16
-25
-4
-2
-33
0
-66
-22
10
-111
-4
2
-33
0
-66
-22
48
-31
-4
32
-33
0
-66
-22
71
59
-4
79
-33
0
-66
-22
22
3
-4
43
-33
96
-66
-22
-18
-31
-4
-17
-33
0
-66
-22
-19
-23
-4
-33
-33
0
-66
-22
-17
-18
-4
-36
-33
0
-66
-22
-15
-15
-4
-49
-33
0
-66
-22
18
19
-4
-16
-33
0
-66
-22
15
-66
-4
9
-33
0
-66
-22
-9
-143
-4
-23
-33
0
-66
-22
-17
-48
-4
-34
-33
0
-66
-22
-18
-19
-4
-30
-33
0
-66
-22
-15
-14
-4
22
-33
0
-66
-22
22
66
-4
55
-33
172
-66
-22
11
44
-4
-7
-33
112
-66
-22
-94
22
-4
-173
-33
244
-66
-22
-217
-92
-4
-297
241
123
-66
-22
-268
-198
-4
-297
258
62
-66
-22
-269
-244
62
-297
263
66
-66
-22
-269
-246
54
-297
263
66
-66
-22
-269
-246
54
-297
-33
29
-66
-9
-259
-202
-4
-268
-33
0
-66
501
-154
-64
-4
-171
-33
0
-66
43
-1
131
-4
-29
-33
0
-66
-22
10
109
-4
16
-33
79
-66
-22
-23
3
-4
-34
-33
0
-66
-22
-18
-21
-4
-34
-33
0
-66
-22
-18
-21
-4
-34
-33
0
-66
-22
-18
-21
-4
-34
-33
0
-66
-22
-18
-21
-4
-30
-33
0
-66
-22
-16
-14
-4
16
-33
0
-66
-22
13
53
-4
27
-33
116
-66
-22
28
59
-4
36
-33
0
-66
-22
30
134
-4
31
-33
0
-66
-22
28
82
-4
13
-33
0
-66
-22
18
73
-4
-16
-33
0
-66
-22
-5
41
-4
-34
-33
0
-66
-22
-18
-21
-4
-34
-33
0
-66
-22
-18
-21
-4
-34
-33
0
-66
-22
-18
-21
-4
-13
-33
0
-66
-22
-5
11
-4
24
-33
0
-66
-22
22
60
-4
17
-33
0
-66
-22
21
67
-4
-10
-33
0
-66
-22
-2
58
-4
-34
-33
0
-66
-22
-18
-21
-4
-34
-33
0
-66
-22
-18
-21
-4
-34
-33
0
-66
-22
-18
-21
-4
-40
-33
0
-66
-22
-8
-7
-4
-53
-33
0
-66
-22
33
19
-4
-25
-33
0
-66
-22
54
-68
-4
28
-33
0
-66
-22
22
-226
-4
46
-33
0
-66
-22
8
-146
-4
35
-33
0
-66
-22
23
18
-4
13
-33
0
-66
-22
18
73
-4
-12
-33
0
-66
-22
-3
47
-4
16
-33
0
-66
-22
13
53
-4
65
-33
64
-66
-22
51
117
-4
67
-33
0
-66
-22
56
166
-4
19
-33
0
-66
-22
21
110
-4
-21
-33
0
-66
-22
-9
24
-4
-33
-33
0
-66
-22
-13
-16
-4
-15
-33
0
-66
-22
40
39
-4
29
-33
0
-66
-22
31
52
-4
48
-33
353
-66
-22
-75
-43
-4
-75
-33
479
-66
-22
-175
-157
-4
-242
197
184
-66
-22
-232
-158
-4
-297
112
0
-66
-22
-263
-184
306
-297
263
66
-66
-22
-269
-246
54
-297
263
66
-66
-22
-269
-246
54
-297
-33
0
-66
114
-232
-176
-4
-248
-33
0
-66
344
-111
3
-4
-154
-33
0
-66
-22
11
150
-4
-20
-33
0
-66
-22
9
-43
-4
11
-33
0
-66
-22
-18
-149
-4
-34
-33
0
-66
-22
-18
-21
-4
-34
-33
0
-66
-22
-18
-21
-4
-17
-33
0
-66
-22
-8
5
-4
14
-33
0
-66
-22
14
46
-4
9
-33
0
-66
-22
19
55
-4
13
-33
0
-66
-22
47
105
-4
30
-33
0
-66
-22
28
65
-4
50
-33
0
-66
-22
19
95
-4
30
-33
0
-66
-22
33
75
-4
34
-33
0
-66
-22
2
64
-4
0
-33
0
-66
-22
-20
21
-4
-34
-33
0
-66
-22
-18
-21
-4
-34
-33
0
-66
-22
-18
-21
-4
-34
-33
0
-66
-22
-18
-21
-4
-23
-33
0
-66
-22
4
4
-4
9
-33
0
-66
-22
37
53
-4
37
-33
0
-66
-22
10
66
-4
51
-33
18
-66
-22
4
89
-4
15
-33
65
-66
-22
19
44
-4
-1
-33
0
-66
-22
7
70
-4
-28
-33
0
-66
-22
-14
1
-4
-34
-33
0
-66
-22
-18
-21
-4
-34
-33
0
-66
-22
-18
-21
-4
-34
-33
0
-66
-22
-18
-21
-4
-34
-33
0
-66
-22
-18
-21
-4
-19
-33
0
-66
-22
12
13
-4
15
-33
0
-66
-22
34
57
-4
34
-33
0
-66
-22
2
64
-4
2
-33
0
-66
-22
-15
25
-4
-6
-33
0
-66
-22
33
39
-4
50
-33
0
-66
-22
68
111
-4
90
-33
0
-66
-22
39
141
-4
50
-33
111
-66
-22
-5
80
-4
-9
-33
0
-66
-22
-19
8
-4
-36
-33
0
-66
-22
-14
-15
-4
-56
-33
0
-66
-22
37
38
-4
-7
-33
0
-66
-22
30
-79
-4
69
-33
0
-66
-22
-27
-202
-4
10
-33
341
-66
-22
-95
-83
-4
-144
-33
413
-66
-22
-188
-14
53
-287
2
5
-66
-22
-255
-103
149
-297
263
66
-66
-22
-269
-246
54
-297
-33
59
-66
-22
-260
-206
-4
-266
-33
0
-66
487
-162
-57
-4
-169
-33
0
-66
125
-35
96
-4
-63
-33
0
-66
-22
9
96
-4
-21
-33
0
-66
-22
-6
15
-4
-29
-33
0
-66
-22
-18
-38
-4
-34
-33
0
-66
-22
-18
-21
-4
-34
-33
0
-66
-22
-18
-21
-4
-20
-33
0
-66
-22
2
6
-4
16
-33
0
-66
-22
35
59
-4
31
-33
0
-66
-22
17
78
-4
-10
-33
0
-66
-22
41
103
-4
-2
-33
0
-66
-22
31
-66
-4
20
-33
0
-66
-22
25
-132
-4
-10
-33
0
-66
-22
38
-48
-4
33
-33
0
-66
-22
8
-125
-4
42
-33
0
-66
-22
6
-53
-4
4
-33
0
-66
-22
12
35
-4
-13
-33
0
-66
-22
-2
46
-4
-14
-33
0
-66
-22
-6
13
-4
8
-33
0
-66
-22
42
80
-4
33
-33
0
-66
-22
91
122
-4
66
-33
0
-66
-22
48
-22
-4
63
-33
0
-66
-22
40
-17
-4
31
-33
0
-66
-22
29
69
-4
30
-33
7
-66
-22
-6
76
-4
-21
-33
0
-66
-22
-18
-1
-4
-34
-33
0
-66
-22
-18
-21
-4
-32
-33
0
-66
-22
-17
-17
-4
-1
-33
0
-66
-22
2
28
-4
6
-33
17
-66
-22
12
31
-4
-20
-33
0
-66
-22
38
94
-4
-21
-33
0
-66
-22
43
8
-4
24
-33
0
-66
-22
3
-139
-4
1
-33
0
-66
-22
-14
-103
-4
-52
-33
0
-66
-22
39
38
-4
-18
-33
0
-66
-22
76
-12
-4
51
-33
0
-66
-22
44
-182
-4
45
-33
0
-66
-22
-4
-195
-4
-7
-33
0
-66
-22
-19
-85
-4
-35
-33
0
-66
-22
-18
-20
-4
-37
-33
0
-66
-22
-12
-15
-4
-31
-33
0
-66
-22
-13
-30
-4
-6
-33
0
-66
-22
8
-11
-4
31
-33
0
-66
-22
-13
16
-4
8
-33
568
-66
-22
-124
-17
-4
-167
-33
483
-66
-22
-209
-72
-4
-297
-9
0
-66
-22
-249
-135
525
-274
-33
0
-66
228
-212
-125
-4
-177
-33
0
-66
527
-76
81
-4
-69
-33
0
-66
-22
29
264
-4
4
-33
0
-66
-22
16
170
-4
-4
-33
0
-66
-22
-14
35
-4
-34
-33
0
-66
-22
-18
-21
-4
-34
-33
0
-66
-22
-18
-21
-4
-34
-33
0
-66
-22
-18
-21
-4
-41
-33
0
-66
-22
6
7
-4
-30
-33
0
-66
-22
42
16
-4
22
-33
0
-66
-22
9
-92
-4
8
-33
0
-66
-22
-8
-95
-4
-10
-33
0
-66
-22
4
-9
-4
5
-33
0
-66
-22
14
-22
-4
1
-33
0
-66
-22
19
34
-4
23
-33
0
-66
-22
23
17
-4
50
-33
0
-66
-22
55
75
-4
48
-33
0
-66
-22
33
116
-4
18
-33
0
-66
-22
-8
72
-4
-7
-33
0
-66
-22
10
28
-4
36
-33
0
-66
-22
58
99
-4
81
-33
0
-66
-22
75
164
-4
70
-33
0
-66
-22
31
98
-4
3
-33
0
-66
-22
45
71
-4
3
-33
0
-66
-22
29
-42
-4
33
-33
0
-66
-22
-12
-135
-4
-8
-33
0
-66
-22
-13
-35
-4
-5
-33
0
-66
-22
1
19
-4
-6
-33
0
-66
-22
6
28
-4
18
-33
0
-66
-22
36
89
-4
34
-33
0
-66
-22
32
73
-4
24
-33
0
-66
-22
8
95
-4
-11
-33
0
-66
-22
3
17
-4
8
-33
0
-66
-22
7
-22
-4
-1
-33
0
-66
-22
3
-6
-4
-29
-33
0
-66
-22
3
34
-4
-35
-33
0
-66
-22
4
-24
-4
-17
-33
0
-66
-22
-3
-78
-4
-17
-33
0
-66
-22
-14
-79
-4
-28
-33
0
-66
-22
-18
-41
-4
-34
-33
0
-66
-22
-18
-21
-4
-34
-33
0
-66
-22
-18
-21
-4
-34
-33
0
-66
-22
-18
-21
-4
-44
-33
0
-66
-22
16
18
-4
6
-33
0
-66
-22
27
-7
-4
67
-33
47
-66
-22
-54
-114
-4
-64
-33
569
-66
-22
-171
-76
-4
-251
-33
173
-66
-22
-247
-50
-4
-261
-33
0
-66
457
-147
-52
-4
-141
-33
0
-66
11
6
135
-4
-10
-33
0
-66
-22
54
197
-4
39
-33
0
-66
-22
5
3
-4
3
-33
0
-66
-22
-21
-68
-4
-34
-33
0
-66
-22
-18
-21
-4
-34
-33
0
-66
-22
-18
-21
-4
-34
-33
0
-66
-22
-18
-21
-4
-39
-33
0
-66
-22
-9
-9
-4
-35
-33
0
-66
-22
7
-7
-4
3
-33
0
-66
-22
5
-49
-4
3
-33
0
-66
-22
-2
-50
-4
11
-33
0
-66
-22
24
72
-4
32
-33
0
-66
-22
34
71
-4
54
-33
0
-66
-22
33
133
-4
62
-33
0
-66
-22
67
154
-4
50
-33
0
-66
-22
95
160
-4
64
-33
0
-66
-22
34
58
-4
27
-33
0
-66
-22
-20
-98
-4
-34
-33
0
-66
-22
15
9
-4
-19
-33
0
-66
-22
60
36
-4
38
-33
0
-66
-22
57
-33
-4
59
-33
0
-66
-22
5
-108
-4
2
-33
0
-66
-22
-1
-59
-4
-25
-33
0
-66
-22
-1
-50
-4
-11
-33
0
-66
-22
-15
-98
-4
-10
-33
0
-66
-22
0
-6
-4
26
-33
0
-66
-22
34
68
-4
31
-33
0
-66
-22
25
84
-4
-2
-33
0
-66
-22
48
115
-4
7
-33
0
-66
-22
29
-21
-4
35
-33
0
-66
-22
-13
-100
-4
1
-33
0
-66
-22
-1
-11
-4
26
-33
0
-66
-22
34
68
-4
32
-33
0
-66
-22
20
79
-4
3
-33
0
-66
-22
-8
59
-4
-34
-33
0
-66
-22
-18
-21
-4
-34
-33
0
-66
-22
-18
-21
-4
-34
-33
0
-66
-22
-18
-21
-4
-34
-33
0
-66
-22
-18
-21
-4
-33
-33
0
-66
-22
-17
-18
-4
-17
-33
0
-66
-22
-8
5
-4
-13
-33
0
-66
-22
-3
7
-4
-27
-33
0
-66
-22
5
33
-4
-31
-33
0
-66
-22
20
0
-4
-10
-33
0
-66
-22
-7
-95
-4
-51
-33
186
-66
-22
-151
-236
-4
-199
389
291
-66
-22
-257
-258
-4
-297
-33
0
-66
458
-120
-54
-4
-170
-33
0
-66
-22
7
31
-4
-3
-33
0
-66
-22
16
-52
-4
19
-33
0
-66
-22
-9
-127
-4
-16
-33
0
-66
-22
-18
-82
-4
-34
-33
0
-66
-22
-18
-21
-4
-34
-33
0
-66
-22
-18
-21
-4
-34
-33
0
-66
-22
-18
-21
-4
-34
-33
0
-66
-22
-18
-21
-4
-21
-33
0
-66
-22
-8
0
-4
29
-33
0
-66
-22
33
75
-4
38
-33
66
-66
-22
33
82
-4
10
-33
0
-66
-22
46
135
-4
3
-33
0
-66
-22
34
21
-4
53
-33
0
-66
-22
33
6
-4
69
-33
0
-66
-22
94
108
-4
80
-33
0
-66
-22
78
92
-4
66
-33
0
-66
-22
10
-32
-4
-5
-33
0
-66
-22
-16
-117
-4
-41
-33
0
-66
-22
-1
-8
-4
-41
-33
0
-66
-22
22
-10
-4
-13
-33
0
-66
-22
23
-97
-4
7
-33
0
-66
-22
-4
-154
-4
-12
-33
0
-66
-22
-18
-96
-4
-34
-33
0
-66
-22
-18
-21
-4
-34
-33
0
-66
-22
-18
-21
-4
-35
-33
0
-66
-22
6
3
-4
-17
-33
0
-66
-22
40
28
-4
26
-33
0
-66
-22
8
-29
-4
1
-33
0
-66
-22
5
-28
-4
-23
-33
0
-66
-22
6
-60
-4
-3
-33
0
-66
-22
-13
-125
-4
-28
-33
0
-66
-22
6
-23
-4
-17
-33
0
-66
-22
40
28
-4
27
-33
0
-66
-22
5
-32
-4
14
-33
6
-66
-22
-23
-58
-4
-27
-33
0
-66
-22
-14
-11
-4
-24
-33
0
-66
-22
-11
-8
-4
-27
-33
0
-66
-22
-12
-2
-4
-32
-33
0
-66
-22
-17
-14
-4
-30
-33
0
-66
-22
-15
-15
-4
18
-33
0
-66
-22
24
62
-4
40
-33
65
-66
-22
36
77
-4
24
-33
0
-66
-22
11
104
-4
-29
-33
0
-66
-22
-1
24
-4
-50
-33
0
-66
-22
-22
-60
-4
-82
-33
102
-66
-22
-152
-282
-4
-208
548
94
-66
-22
-253
-333
-4
-297
-33
0
-66
425
-137
-68
-4
-191
-33
0
-66
-22
-27
-51
-4
-33
-33
0
-66
-22
-12
-139
-4
-18
-33
0
-66
-22
-18
-76
-4
-34
-33
0
-66
-22
-18
-21
-4
-34
-33
0
-66
-22
-18
-21
-4
-34
-33
0
-66
-22
-18
-21
-4
-34
-33
0
-66
-22
-18
-21
-4
-34
-33
0
-66
-22
-18
-21
-4
-33
-33
0
-66
-22
-4
-7
-4
-19
-33
0
-66
-22
43
37
-4
28
-33
0
-66
-22
16
12
-4
14
-33
63
-66
-22
6
5
-4
-23
-33
0
-66
-22
15
-44
-4
-4
-33
0
-66
-22
32
-101
-4
-3
-33
0
-66
-22
76
-11
-4
58
-33
0
-66
-22
22
-99
-4
42
-33
15
-66
-22
-24
-128
-4
-34
-33
0
-66
-22
-18
-21
-4
-34
-33
0
-66
-22
-18
-21
-4
-34
-33
0
-66
-22
-18
-21
-4
-34
-33
0
-66
-22
-18
-21
-4
-34
-33
0
-66
-22
-18
-21
-4
-34
-33
0
-66
-22
-18
-21
-4
-34
-33
0
-66
-22
-18
-21
-4
-34
-33
0
-66
-22
-18
-21
-4
-43
-33
0
-66
-22
-3
-1
-4
-42
-33
0
-66
-22
20
-9
-4
-4
-33
0
-66
-22
0
-118
-4
-5
-33
0
-66
-22
-18
-119
-4
-34
-33
0
-66
-22
-18
-21
-4
-34
-33
0
-66
-22
-18
-21
-4
-43
-33
0
-66
-22
-3
-1
-4
-42
-33
0
-66
-22
20
-9
-4
-4
-33
0
-66
-22
0
-118
-4
-5
-33
0
-66
-22
-18
-119
-4
9
-33
0
-66
-22
12
47
-4
37
-33
68
-66
-22
35
70
-4
23
-33
0
-66
-22
19
103
-4
-17
-33
0
-66
-22
-9
30
-4
-34
-33
0
-66
-22
-14
-16
-4
-27
-33
0
-66
-22
37
30
-4
17
-33
0
-66
-22
27
21
-4
37
-33
78
-66
-22
-17
-25
-4
-18
-33
0
-66
-22
-21
-24
-4
-45
-33
0
-66
-22
-52
-69
-4
-104
-33
200
-66
-22
-168
-208
-4
-231
352
141
-66
-22
-254
-253
-4
-297
-33
0
-66
324
-167
-98
-4
-200
-33
0
-66
-22
-61
-18
-4
-51
-33
0
-66
-22
-11
13
-4
22
-33
0
-66
-22
19
56
-4
14
-33
0
-66
-22
20
62
-4
-12
-33
0
-66
-22
-2
56
-4
2
-33
0
-66
-22
3
34
-4
22
-33
65
-66
-22
23
50
-4
8
-33
0
-66
-22
15
78
-4
-29
-33
0
-66
-22
2
36
-4
-47
-33
0
-66
-22
33
21
-4
45
-33
0
-66
-22
42
-46
-4
70
-33
39
-66
-22
30
-93
-4
37
-33
0
-66
-22
28
118
-4
19
-33
0
-66
-22
44
101
-4
1
-33
0
-66
-22
62
84
-4
18
-33
0
-66
-22
17
-75
-4
0
-33
0
-66
-22
-17
-137
-4
-34
-33
0
-66
-22
-18
-21
-4
-34
-33
0
-66
-22
-18
-21
-4
-34
-33
0
-66
-22
-18
-21
-4
-34
-33
0
-66
-22
-18
-21
-4
-34
-33
0
-66
-22
-18
-21
-4
-34
-33
0
-66
-22
-18
-21
-4
-34
-33
0
-66
-22
-18
-21
-4
-34
-33
0
-66
-22
-18
-21
-4
-14
-33
0
-66
-22
-7
9
-4
22
-33
0
-66
-22
19
56
-4
14
-33
0
-66
-22
20
62
-4
-12
-33
0
-66
-22
-2
56
-4
-34
-33
0
-66
-22
-18
-21
-4
-34
-33
0
-66
-22
-18
-21
-4
-34
-33
0
-66
-22
-18
-21
-4
-34
-33
0
-66
-22
-18
-21
-4
-34
-33
0
-66
-22
-18
-21
-4
-34
-33
0
-66
-22
-18
-21
-4
-22
-33
0
-66
-22
27
25
-4
18
-33
0
-66
-22
36
51
-4
42
-33
57
-66
-22
-7
31
-4
-6
-33
0
-66
-22
-21
-5
-4
-36
-33
0
-66
-22
-15
-17
-4
-55
-33
0
-66
-22
25
27
-4
-16
-33
0
-66
-22
20
-79
-4
15
-33
0
-66
-22
-10
-183
-4
-22
-33
0
-66
-22
-18
-62
-4
-32
-33
0
-66
-22
-45
-50
-4
-48
-33
242
-66
-22
-132
-128
-4
-179
186
418
-66
-22
-213
-178
-4
-262
-33
7
-66
497
-131
-41
-4
-167
-33
0
-66
-22
-35
73
-4
-52
-33
0
-66
-22
3
30
-4
12
-33
0
-66
-22
36
55
-4
37
-33
0
-66
-22
11
75
-4
49
-33
12
-66
-22
5
97
-4
35
-33
0
-66
-22
57
86
-4
53
-33
0
-66
-22
55
149
-4
40
-33
0
-66
-22
0
90
-4
-10
-33
0
-66
-22
-19
12
-4
-31
-33
0
-66
-22
-14
-15
-4
-4
-33
0
-66
-22
32
40
-4
30
-33
0
-66
-22
28
68
-4
49
-33
0
-66
-22
18
97
-4
29
-33
0
-66
-22
31
73
-4
31
-33
0
-66
-22
1
66
-4
-1
-33
0
-66
-22
-20
23
-4
-34
-33
0
-66
-22
-18
-21
-4
-34
-33
0
-66
-22
-18
-21
-4
-34
-33
0
-66
-22
-18
-21
-4
-34
-33
0
-66
-22
-18
-21
-4
-34
-33
0
-66
-22
-18
-21
-4
-34
-33
0
-66
-22
-18
-21
-4
-34
-33
0
-66
-22
-18
-21
-4
-34
-33
0
-66
-22
-18
-21
-4
-34
-33
0
-66
-22
-18
-21
-4
-22
-33
0
-66
-22
3
4
-4
12
-33
0
-66
-22
36
55
-4
37
-33
0
-66
-22
11
75
-4
49
-33
12
-66
-22
5
97
-4
15
-33
58
-66
-22
19
43
-4
-2
-33
0
-66
-22
7
68
-4
-28
-33
0
-66
-22
-14
1
-4
-34
-33
0
-66
-22
-18
-21
-4
-34
-33
0
-66
-22
-18
-21
-4
-34
-33
0
-66
-22
-18
-21
-4
-55
-33
0
-66
-22
26
33
-4
-21
-33
0
-66
-22
35
-44
-4
26
-33
0
-66
-22
-2
-183
-4
2
-33
0
-66
-22
-12
-77
-4
16
-33
0
-66
-22
13
51
-4
52
-33
17
-66
-22
42
106
-4
40
-33
0
-66
-22
38
124
-4
0
-33
0
-66
-22
8
75
-4
-28
-33
0
-66
-22
-14
1
-4
-17
-33
0
-66
-22
-27
-23
-4
29
-33
16
-66
-22
-52
-3
-4
-78
-33
693
-66
-22
-153
-42
-4
-172
-33
192
-66
349
-62
77
-4
-83
-33
0
-66
-22
-8
224
-4
-56
-33
0
-66
-22
11
68
-4
-35
-33
0
-66
-22
43
12
-4
23
-33
0
-66
-22
13
-113
-4
50
-33
0
-66
-22
28
-67
-4
16
-33
0
-66
-22
75
123
-4
49
-33
0
-66
-22
48
69
-4
43
-33
0
-66
-22
-3
-130
-4
0
-33
0
-66
-22
-15
-69
-4
1
-33
0
-66
-22
11
39
-4
-13
-33
0
-66
-22
68
92
-4
20
-33
0
-66
-22
46
3
-4
22
-33
0
-66
-22
25
-124
-4
-10
-33
0
-66
-22
37
-47
-4
23
-33
0
-66
-22
2
-135
-4
2
-33
0
-66
-22
-19
-106
-4
-34
-33
0
-66
-22
-18
-21
-4
-34
-33
0
-66
-22
-18
-21
-4
-34
-33
0
-66
-22
-18
-21
-4
-34
-33
0
-66
-22
-18
-21
-4
-34
-33
0
-66
-22
-18
-21
-4
-32
-33
0
-66
-22
-17
-17
-4
-2
-33
0
-66
-22
1
27
-4
5
-33
11
-66
-22
11
29
-4
-9
-33
0
-66
-22
2
50
-4
-38
-33
0
-66
-22
10
25
-4
-35
-33
0
-66
-22
43
12
-4
23
-33
0
-66
-22
13
-113
-4
50
-33
0
-66
-22
28
-67
-4
32
-33
0
-66
-22
30
71
-4
30
-33
2
-66
-22
-5
78
-4
-20
-33
0
-66
-22
-18
1
-4
-34
-33
0
-66
-22
-18
-21
-4
-34
-33
0
-66
-22
-18
-21
-4
-34
-33
0
-66
-22
-18
-21
-4
-37
-33
0
-66
-22
-13
-15
-4
-34
-33
0
-66
-22
-12
-24
-4
-27
-33
0
-66
-22
-16
-43
-4
-22
-33
0
-66
-22
-6
-16
-4
15
-33
0
-66
-22
40
62
-4
72
-33
0
-66
-22
69
140
-4
87
-33
26
-66
-22
36
156
-4
35
-33
21
-66
-22
-5
84
-4
-20
-33
0
-66
-22
-18
1
-4
-25
-33
0
-66
-22
-8
-7
-4
15
-33
0
-66
-22
28
51
-4
-13
-33
434
-66
-22
-120
-106
-4
-91
-33
52
-66
-22
23
130
-4
31
-33
0
-66
-22
12
191
-4
-25
-33
0
-66
-22
-7
36
-4
-37
-33
0
-66
-22
-2
-16
-4
-23
-33
0
-66
-22
-6
-56
-4
-32
-33
0
-66
-22
39
-5
-4
-3
-33
0
-66
-22
41
-26
-4
36
-33
0
-66
-22
2
-138
-4
-3
-33
0
-66
-22
-15
-98
-4
-18
-33
0
-66
-22
-7
-27
-4
17
-33
0
-66
-22
36
65
-4
30
-33
0
-66
-22
40
91
-4
24
-33
0
-66
-22
5
53
-4
-5
-33
0
-66
-22
1
-33
-4
-4
-33
0
-66
-22
15
2
-4
1
-33
0
-66
-22
5
-17
-4
-17
-33
0
-66
-22
-12
-21
-4
-34
-33
0
-66
-22
-18
-21
-4
-34
-33
0
-66
-22
-18
-21
-4
-34
-33
0
-66
-22
-18
-21
-4
-25
-33
0
-66
-22
-13
-7
-4
-7
-33
0
-66
-22
-1
16
-4
-8
-33
0
-66
-22
4
24
-4
18
-33
0
-66
-22
36
87
-4
35
-33
0
-66
-22
32
73
-4
28
-33
0
-66
-22
0
87
-4
-25
-33
0
-66
-22
-10
11
-4
-37
-33
0
-66
-22
-2
-16
-4
-23
-33
0
-66
-22
-6
-56
-4
-32
-33
0
-66
-22
39
-5
-4
3
-33
0
-66
-22
30
-39
-4
34
-33
0
-66
-22
-12
-130
-4
-8
-33
0
-66
-22
-14
-36
-4
-7
-33
0
-66
-22
-1
16
-4
-9
-33
0
-66
-22
1
21
-4
0
-33
0
-66
-22
4
51
-4
-6
-33
0
-66
-22
3
16
-4
-1
-33
0
-66
-22
5
53
-4
-3
-33
0
-66
-22
4
28
-4
-16
-33
0
-66
-22
14
41
-4
-29
-33
0
-66
-22
57
69
-4
30
-33
0
-66
-22
90
21
-4
93
-33
0
-66
-22
52
-107
-4
58
-33
0
-66
-22
3
-87
-4
-14
-33
0
-66
-22
-16
-37
-4
-32
-33
0
-66
-22
0
5
-4
-10
-33
0
-66
-22
62
71
-4
3
-33
270
-66
-22
-100
-229
-4
-56
-33
0
-66
-22
77
113
-4
107
-33
0
-66
-22
20
57
-4
-4
-33
0
-66
-22
-14
-5
-4
-34
-33
0
-66
-22
-18
-21
-4
-35
-33
0
-66
-22
-17
-19
-4
-45
-33
0
-66
-22
3
3
-4
-25
-33
0
-66
-22
1
-50
-4
-10
-33
0
-66
-22
-14
-102
-4
-28
-33
0
-66
-22
-18
-41
-4
-36
-33
0
-66
-22
-4
-6
-4
-32
-33
0
-66
-22
44
34
-4
20
-33
0
-66
-22
18
-41
-4
28
-33
0
-66
-22
-20
-93
-4
-2
-33
0
-66
-22
7
18
-4
28
-33
0
-66
-22
33
67
-4
29
-33
0
-66
-22
16
84
-4
-6
-33
0
-66
-22
-10
41
-4
-34
-33
0
-66
-22
-18
-21
-4
-34
-33
0
-66
-22
-18
-21
-4
-34
-33
0
-66
-22
-18
-21
-4
-15
-33
0
-66
-22
0
11
-4
24
-33
0
-66
-22
32
66
-4
29
-33
0
-66
-22
25
81
-4
-3
-33
0
-66
-22
49
113
-4
9
-33
0
-66
-22
28
-18
-4
35
-33
0
-66
-22
-14
-94
-4
-12
-33
0
-66
-22
-16
-29
-4
-15
-33
0
-66
-22
-6
5
-4
-19
-33
0
-66
-22
-4
9
-4
-37
-33
0
-66
-22
9
29
-4
-25
-33
0
-66
-22
1
-50
-4
-10
-33
0
-66
-22
-14
-102
-4
-9
-33
0
-66
-22
0
-10
-4
24
-33
0
-66
-22
32
66
-4
34
-33
0
-66
-22
23
83
-4
48
-33
0
-66
-22
36
134
-4
37
-33
0
-66
-22
34
75
-4
52
-33
0
-66
-22
32
140
-4
41
-33
0
-66
-22
37
95
-4
26
-33
0
-66
-22
21
92
-4
-12
-33
0
-66
-22
20
68
-4
18
-33
0
-66
-22
63
31
-4
68
-33
0
-66
-22
55
-29
-4
51
-33
0
-66
-22
10
8
-4
-16
-33
0
-66
-22
-15
-14
-4
-26
-33
0
-66
-22
-1
6
-4
15
-33
0
-66
-22
58
86
-4
9
-33
419
-66
-22
-95
-168
-4
-66
-33
0
-66
-22
83
69
-4
120
-33
0
-66
-22
15
-57
-4
0
-33
0
-66
-22
-16
-33
-4
-34
-33
0
-66
-22
-18
-21
-4
-34
-33
0
-66
-22
-18
-21
-4
-34
-33
0
-66
-22
-18
-21
-4
-34
-33
0
-66
-22
-18
-21
-4
-34
-33
0
-66
-22
-18
-21
-4
-34
-33
0
-66
-22
-18
-21
-4
-38
-33
0
-66
-22
-11
-12
-4
-46
-33
0
-66
-22
15
4
-4
-14
-33
0
-66
-22
3
-86
-4
-4
-33
0
-66
-22
-16
-123
-4
-33
-33
0
-66
-22
15
4
-4
-8
-33
0
-66
-22
35
21
-4
32
-33
0
-66
-22
-1
-35
-4
12
-33
0
-66
-22
-17
-34
-4
-25
-33
0
-66
-22
-12
-8
-4
-29
-33
0
-66
-22
-15
-5
-4
-34
-33
0
-66
-22
-18
-19
-4
-35
-33
0
-66
-22
5
2
-4
-17
-33
0
-66
-22
38
27
-4
25
-33
0
-66
-22
7
-22
-4
6
-33
0
-66
-22
11
-9
-4
-13
-33
0
-66
-22
14
-50
-4
5
-33
0
-66
-22
-8
-114
-4
-4
-33
0
-66
-22
0
-8
-4
31
-33
0
-66
-22
33
73
-4
32
-33
14
-66
-22
25
83
-4
0
-33
0
-66
-22
-4
67
-4
-34
-33
0
-66
-22
-18
-21
-4
-34
-33
0
-66
-22
-18
-21
-4
-35
-33
0
-66
-22
5
2
-4
-17
-33
0
-66
-22
38
27
-4
26
-33
0
-66
-22
9
-22
-4
15
-33
0
-66
-22
32
2
-4
12
-33
0
-66
-22
27
5
-4
35
-33
0
-66
-22
18
-23
-4
8
-33
0
-66
-22
34
10
-4
30
-33
0
-66
-22
-2
-37
-4
3
-33
0
-66
-22
-18
-41
-4
-32
-33
0
-66
-22
37
33
-4
18
-33
0
-66
-22
30
12
-4
44
-33
50
-66
-22
-9
-45
-4
-11
-33
0
-66
-22
-15
-17
-4
-31
-33
0
-66
-22
-1
4
-4
-16
-33
0
-66
-22
48
48
-4
-9
-33
233
-66
-22
-116
-198
-4
-190
-33
0
-66
-22
-11
-83
-4
26
-33
93
-66
-22
-44
-285
-4
-19
-33
0
-66
-22
-26
-87
-4
-34
-33
0
-66
-22
-18
-21
-4
-34
-33
0
-66
-22
-18
-21
-4
-34
-33
0
-66
-22
-18
-21
-4
-34
-33
0
-66
-22
-18
-21
-4
-34
-33
0
-66
-22
-18
-21
-4
-34
-33
0
-66
-22
-18
-21
-4
-34
-33
0
-66
-22
-18
-21
-4
-34
-33
0
-66
-22
-18
-21
-4
-34
-33
0
-66
-22
-18
-21
-4
-34
-33
0
-66
-22
-18
-21
-4
-47
-33
0
-66
-22
4
7
-4
-35
-33
0
-66
-22
19
-26
-4
15
-33
0
-66
-22
6
-110
-4
57
-33
0
-66
-22
30
0
-4
37
-33
115
-66
-22
35
82
-4
8
-33
0
-66
-22
8
98
-4
-31
-33
0
-66
-22
-17
-11
-4
-43
-33
0
-66
-22
-3
-1
-4
-42
-33
0
-66
-22
20
-9
-4
1
-33
0
-66
-22
4
-111
-4
52
-33
0
-66
-22
22
-32
-4
40
-33
140
-66
-22
37
76
-4
19
-33
0
-66
-22
16
110
-4
-23
-33
0
-66
-22
12
33
-4
-11
-33
0
-66
-22
39
34
-4
30
-33
0
-66
-22
4
1
-4
14
-33
70
-66
-22
-25
-28
-4
-34
-33
0
-66
-22
-18
-21
-4
-34
-33
0
-66
-22
-18
-21
-4
-43
-33
0
-66
-22
-3
-1
-4
-42
-33
0
-66
-22
20
-9
-4
-6
-33
0
-66
-22
4
-114
-4
-22
-33
0
-66
-22
20
-80
-4
-19
-33
0
-66
-22
14
-72
-4
-5
-33
0
-66
-22
12
-129
-4
-25
-33
0
-66
-22
19
-61
-4
0
-33
0
-66
-22
-3
-132
-4
-13
-33
0
-66
-22
-14
-95
-4
-52
-33
0
-66
-22
19
18
-4
24
-33
0
-66
-22
43
-5
-4
77
-33
0
-66
-22
41
-68
-4
32
-33
0
-66
-22
20
67
-4
-8
-33
0
-66
-22
11
65
-4
19
-33
0
-66
-22
71
107
-4
19
-33
454
-66
-22
-80
-203
-4
-239
-33
0
-66
-22
-64
-135
-4
-42
-33
0
-66
-22
-2
-269
-4
-6
-33
0
-66
-22
9
-3
-4
-23
-33
0
-66
-22
-10
19
-4
-34
-33
0
-66
-22
-18
-21
-4
-34
-33
0
-66
-22
-18
-21
-4
-34
-33
0
-66
-22
-18
-21
-4
-34
-33
0
-66
-22
-18
-21
-4
-34
-33
0
-66
-22
-18
-21
-4
-34
-33
0
-66
-22
-18
-21
-4
-34
-33
0
-66
-22
-18
-21
-4
-34
-33
0
-66
-22
-18
-21
-4
0
-33
0
-66
-22
2
32
-4
19
-33
52
-66
-22
21
46
-4
6
-33
0
-66
-22
13
74
-4
-18
-33
0
-66
-22
5
34
-4
-2
-33
0
-66
-22
46
51
-4
39
-33
0
-66
-22
20
55
-4
33
-33
141
-66
-22
-21
23
-4
-29
-33
0
-66
-22
-19
-18
-4
-34
-33
0
-66
-22
-18
-21
-4
-34
-33
0
-66
-22
-18
-21
-4
-33
-33
0
-66
-22
-13
-16
-4
-12
-33
0
-66
-22
40
40
-4
31
-33
0
-66
-22
31
56
-4
42
-33
124
-66
-22
-15
34
-4
-28
-33
0
-66
-22
-1
14
-4
-32
-33
0
-66
-22
36
13
-4
59
-33
0
-66
-22
40
-60
-4
56
-33
26
-66
-22
25
-63
-4
-4
-33
0
-66
-22
4
75
-4
-32
-33
0
-66
-22
-17
-14
-4
-34
-33
0
-66
-22
-18
-21
-4
-34
-33
0
-66
-22
-18
-21
-4
-34
-33
0
-66
-22
-18
-21
-4
-34
-33
0
-66
-22
-18
-21
-4
-34
-33
0
-66
-22
-18
-21
-4
-34
-33
0
-66
-22
-18
-21
-4
-34
-33
0
-66
-22
-18
-21
-4
-34
-33
0
-66
-22
-18
-21
-4
-34
-33
0
-66
-22
-18
-21
-4
-34
-33
0
-66
-22
-18
-21
-4
-19
-33
0
-66
-22
27
25
-4
19
-33
0
-66
-22
36
55
-4
41
-33
51
-66
-22
-7
41
-4
-13
-33
0
-66
-22
-13
-7
-4
-56
-33
0
-66
-22
12
-26
-4
-53
-33
14
-66
-22
-158
-213
-4
-282
-33
0
-66
451
-125
-51
-4
-139
-33
0
-66
-22
-13
63
-4
-5
-33
5
-66
-22
-9
71
-4
-11
-33
0
-66
-22
-19
11
-4
-34
-33
0
-66
-22
-18
-21
-4
-34
-33
0
-66
-22
-18
-21
-4
-34
-33
0
-66
-22
-18
-21
-4
-34
-33
0
-66
-22
-18
-21
-4
-34
-33
0
-66
-22
-18
-21
-4
-34
-33
0
-66
-22
-18
-21
-4
-34
-33
0
-66
-22
-18
-21
-4
-34
-33
0
-66
-22
-18
-21
-4
-13
-33
0
-66
-22
19
22
-4
20
-33
0
-66
-22
29
59
-4
31
-33
24
-66
-22
-4
67
-4
-18
-33
0
-66
-22
-4
29
-4
-50
-33
0
-66
-22
46
28
-4
10
-33
0
-66
-22
22
-122
-4
27
-33
0
-66
-22
-15
-187
-4
-29
-33
0
-66
-22
-18
-35
-4
-18
-33
0
-66
-22
-9
4
-4
21
-33
0
-66
-22
18
56
-4
48
-33
0
-66
-22
46
117
-4
7
-33
0
-66
-22
88
168
-4
20
-33
0
-66
-22
51
1
-4
34
-33
0
-66
-22
-7
-192
-4
-19
-33
0
-66
-22
-18
-66
-4
-27
-33
0
-66
-22
-5
-6
-4
7
-33
0
-66
-22
38
53
-4
36
-33
0
-66
-22
19
74
-4
23
-33
69
-66
-22
-16
58
-4
-30
-33
0
-66
-22
-18
-14
-4
-34
-33
0
-66
-22
-18
-21
-4
-34
-33
0
-66
-22
-18
-21
-4
-34
-33
0
-66
-22
-18
-21
-4
-34
-33
0
-66
-22
-18
-21
-4
-34
-33
0
-66
-22
-18
-21
-4
-34
-33
0
-66
-22
-18
-21
-4
-34
-33
0
-66
-22
-18
-21
-4
-34
-33
0
-66
-22
-18
-21
-4
-34
-33
0
-66
-22
-18
-21
-4
-34
-33
0
-66
-22
-18
-21
-4
-25
-33
0
-66
-22
45
79
-4
27
-33
0
-66
-22
69
16
-4
62
-33
0
-66
-22
24
-100
-4
-22
-33
0
-66
-22
-14
-69
-4
-136
-33
0
-66
-22
-38
-109
-4
-137
-33
0
-66
-22
-184
-350
-4
-297
-33
0
-66
467
-120
-52
-4
-175
-33
0
-66
-22
-9
-37
-4
-9
-33
0
-66
-22
-9
-140
-4
-8
-33
0
-66
-22
-19
-78
-4
-34
-33
0
-66
-22
-18
-21
-4
-34
-33
0
-66
-22
-18
-21
-4
-34
-33
0
-66
-22
-18
-21
-4
-34
-33
0
-66
-22
-18
-21
-4
-34
-33
0
-66
-22
-18
-21
-4
-34
-33
0
-66
-22
-18
-21
-4
-34
-33
0
-66
-22
-18
-21
-4
-34
-33
0
-66
-22
-18
-21
-4
-49
-33
0
-66
-22
25
30
-4
-15
-33
0
-66
-22
33
-27
-4
28
-33
0
-66
-22
-4
-144
-4
-1
-33
0
-66
-22
-13
-64
-4
-2
-33
0
-66
-22
13
37
-4
6
-33
0
-66
-22
15
15
-4
-7
-33
0
-66
-22
-3
14
-4
-32
-33
0
-66
-22
-17
-18
-4
-20
-33
0
-66
-22
2
6
-4
26
-33
0
-66
-22
47
76
-4
82
-33
0
-66
-22
69
156
-4
104
-33
29
-66
-22
53
196
-4
61
-33
145
-66
-22
24
103
-4
4
-33
0
-66
-22
3
27
-4
-28
-33
0
-66
-22
-15
-10
-4
-40
-33
0
-66
-22
-3
-3
-4
-43
-33
0
-66
-22
46
31
-4
15
-33
0
-66
-22
21
-95
-4
28
-33
0
-66
-22
-17
-154
-4
-29
-33
0
-66
-22
-19
-31
-4
-34
-33
0
-66
-22
-18
-21
-4
-34
-33
0
-66
-22
-18
-21
-4
-34
-33
0
-66
-22
-18
-21
-4
-34
-33
0
-66
-22
-18
-21
-4
-34
-33
0
-66
-22
-18
-21
-4
-34
-33
0
-66
-22
-18
-21
-4
-34
-33
0
-66
-22
-18
-21
-4
-34
-33
0
-66
-22
-18
-21
-4
-34
-33
0
-66
-22
-18
-21
-4
-34
-33
0
-66
-22
-18
-21
-4
-11
-33
0
-66
-22
25
37
-4
27
-33
0
-66
-22
40
58
-4
40
-33
0
-66
-22
4
50
-4
-21
-33
0
-66
-22
-46
-38
-4
-111
-33
158
-66
-22
-150
-196
-4
-219
52
72
-66
-22
-245
-292
-4
-297
-33
0
-66
273
-166
-114
-4
-224
-33
0
-66
-22
-67
-70
-4
-75
-33
0
-66
-22
-34
-115
-4
-33
-33
0
-66
-22
-23
-64
-4
-34
-33
0
-66
-22
-18
-21
-4
-34
-33
0
-66
-22
-18
-21
-4
-34
-33
0
-66
-22
-18
-21
-4
-34
-33
0
-66
-22
-18
-21
-4
-34
-33
0
-66
-22
-18
-21
-4
-34
-33
0
-66
-22
-18
-21
-4
-34
-33
0
-66
-22
-18
-21
-4
-34
-33
0
-66
-22
-18
-21
-4
-41
-33
0
-66
-22
-7
-6
-4
-32
-33
0
-66
-22
-4
-30
-4
-19
-33
0
-66
-22
-14
-71
-4
-17
-33
0
-66
-22
-6
-26
-4
19
-33
0
-66
-22
34
64
-4
36
-33
0
-66
-22
26
78
-4
17
-33
0
-66
-22
-6
75
-4
-30
-33
0
-66
-22
-18
-13
-4
-31
-33
0
-66
-22
12
21
-4
-4
-33
0
-66
-22
74
70
-4
49
-33
0
-66
-22
94
16
-4
141
-33
0
-66
-22
84
-3
-4
141
-33
170
-66
-22
63
34
-4
78
-33
0
-66
-22
34
162
-4
2
-33
0
-66
-22
2
63
-4
-31
-33
0
-66
-22
-10
4
-4
-39
-33
0
-66
-22
0
-6
-4
-1
-33
0
-66
-22
7
-22
-4
9
-33
0
-66
-22
4
-41
-4
-15
-33
0
-66
-22
-5
23
-4
-31
-33
0
-66
-22
-16
-10
-4
-34
-33
0
-66
-22
-18
-21
-4
-34
-33
0
-66
-22
-18
-21
-4
-34
-33
0
-66
-22
-18
-21
-4
-34
-33
0
-66
-22
-18
-21
-4
-34
-33
0
-66
-22
-18
-21
-4
-34
-33
0
-66
-22
-18
-21
-4
-34
-33
0
-66
-22
-18
-21
-4
-34
-33
0
-66
-22
-18
-21
-4
-34
-33
0
-66
-22
-18
-21
-4
-45
-33
0
-66
-22
26
28
-4
3
-33
0
-66
-22
42
7
-4
57
-33
0
-66
-22
12
-79
-4
3
-33
13
-66
-22
-37
-72
-4
-97
-33
135
-66
-22
-163
-182
-4
-232
353
134
-66
-22
-255
-254
-4
-297
-33
0
-66
63
-211
-181
-4
-287
-33
0
-66
-22
-127
-139
-4
-145
-33
0
-66
-22
-62
-159
-4
-58
-33
0
-66
-22
-28
-79
-4
-34
-33
0
-66
-22
-18
-21
-4
-34
-33
0
-66
-22
-18
-21
-4
-34
-33
0
-66
-22
-18
-21
-4
-34
-33
0
-66
-22
-18
-21
-4
-34
-33
0
-66
-22
-18
-21
-4
-34
-33
0
-66
-22
-18
-21
-4
-34
-33
0
-66
-22
-18
-21
-4
-34
-33
0
-66
-22
-18
-21
-4
-34
-33
0
-66
-22
-18
-21
-4
-34
-33
0
-66
-22
-18
-21
-4
-34
-33
0
-66
-22
-18
-21
-4
-36
-33
0
-66
-22
-3
-5
-4
-30
-33
0
-66
-22
44
34
-4
21
-33
0
-66
-22
17
-37
-4
27
-33
0
-66
-22
-20
-87
-4
-29
-33
0
-66
-22
-19
-27
-4
-20
-33
0
-66
-22
10
25
-4
19
-33
0
-66
-22
64
85
-4
46
-33
0
-66
-22
67
49
-4
81
-33
0
-66
-22
110
80
-4
138
-33
0
-66
-22
116
60
-4
161
-33
123
-66
-22
62
109
-4
55
-33
0
-66
-22
14
99
-4
-14
-33
0
-66
-22
-12
24
-4
-30
-33
0
-66
-22
-15
-15
-4
13
-33
0
-66
-22
25
56
-4
37
-33
3
-66
-22
34
74
-4
24
-33
0
-66
-22
6
95
-4
-23
-33
0
-66
-22
-15
6
-4
-34
-33
0
-66
-22
-18
-21
-4
-34
-33
0
-66
-22
-18
-21
-4
-34
-33
0
-66
-22
-18
-21
-4
-34
-33
0
-66
-22
-18
-21
-4
-26
-33
0
-66
-22
-13
-8
-4
-17
-33
0
-66
-22
-6
2
-4
-20
-33
0
-66
-22
-7
7
-4
-29
-33
0
-66
-22
-14
-3
-4
-34
-33
0
-66
-22
-18
-21
-4
-44
-33
0
-66
-22
0
2
-4
-3
-33
0
-66
-22
29
11
-4
47
-33
0
-66
-22
37
-20
-4
13
-33
9
-66
-22
-28
-20
-4
-92
-33
130
-66
-22
-171
-172
-4
-239
410
180
-66
-22
-260
-277
-4
-297
-33
16
-66
-22
-251
-220
-4
-297
-33
0
-66
72
-170
-161
-4
-203
-33
0
-66
-22
-71
-126
-4
-80
-33
0
-66
-22
-24
-58
-4
-27
-33
0
-66
-22
-13
-10
-4
-26
-33
0
-66
-22
-12
-9
-4
-30
-33
0
-66
-22
-15
-7
-4
-34
-33
0
-66
-22
-18
-19
-4
-34
-33
0
-66
-22
-18
-21
-4
-34
-33
0
-66
-22
-18
-21
-4
-34
-33
0
-66
-22
-18
-21
-4
-34
-33
0
-66
-22
-18
-21
-4
-34
-33
0
-66
-22
-18
-21
-4
-34
-33
0
-66
-22
-18
-21
-4
-34
-33
0
-66
-22
-18
-21
-4
-39
-33
0
-66
-22
-10
-11
-4
-46
-33
0
-66
-22
16
4
-4
-13
-33
0
-66
-22
3
-90
-4
-3
-33
0
-66
-22
-16
-126
-4
-32
-33
0
-66
-22
-18
-30
-4
-32
-33
0
-66
-22
7
7
-4
-8
-33
0
-66
-22
45
40
-4
33
-33
0
-66
-22
17
-5
-4
5
-33
0
-66
-22
65
47
-4
25
-33
0
-66
-22
96
7
-4
104
-33
0
-66
-22
40
-129
-4
57
-33
7
-66
-22
-11
-81
-4
-7
-33
0
-66
-22
-21
-37
-4
-34
-33
0
-66
-22
-14
-16
-4
-32
-33
0
-66
-22
37
32
-4
13
-33
0
-66
-22
26
6
-4
35
-33
24
-66
-22
-16
-51
-4
-19
-33
0
-66
-22
-20
-29
-4
-34
-33
0
-66
-22
-18
-21
-4
-34
-33
0
-66
-22
-18
-21
-4
-34
-33
0
-66
-22
-18
-21
-4
-34
-33
0
-66
-22
-18
-21
-4
-3
-33
0
-66
-22
6
29
-4
33
-33
0
-66
-22
33
71
-4
30
-33
0
-66
-22
22
93
-4
0
-33
0
-66
-22
-2
59
-4
-26
-33
0
-66
-22
-12
-9
-4
-30
-33
0
-66
-22
-15
-7
-4
-34
-33
0
-66
-22
15
14
-4
-32
-33
0
-66
-22
16
-17
-4
-53
-33
0
-66
-22
-91
-183
-4
-143
-33
150
-66
-22
-224
-350
-4
-273
590
230
-66
-22
-269
-350
-4
-297
263
66
-66
-22
-269
-246
54
-297
-33
0
-66
277
-199
-135
-4
-234
-33
0
-66
-4
-81
-26
-4
-81
-33
0
-66
-22
-16
8
-4
32
-33
0
-66
-22
28
76
-4
35
-33
110
-66
-22
34
80
-4
7
-33
0
-66
-22
7
95
-4
-31
-33
0
-66
-22
-17
-11
-4
-34
-33
0
-66
-22
-18
-21
-4
-34
-33
0
-66
-22
-18
-21
-4
-34
-33
0
-66
-22
-18
-21
-4
-34
-33
0
-66
-22
-18
-21
-4
-34
-33
0
-66
-22
-18
-21
-4
-34
-33
0
-66
-22
-18
-21
-4
-34
-33
0
-66
-22
-18
-21
-4
-34
-33
0
-66
-22
-18
-21
-4
-34
-33
0
-66
-22
-18
-21
-4
-34
-33
0
-66
-22
-18
-21
-4
-34
-33
0
-66
-22
-18
-21
-4
-34
-33
0
-66
-22
-18
-21
-4
-20
-33
0
-66
-22
14
36
-4
24
-33
0
-66
-22
70
85
-4
57
-33
0
-66
-22
49
-18
-4
9
-33
0
-66
-22
38
5
-4
-34
-33
0
-66
-22
44
-36
-4
13
-33
0
-66
-22
25
-182
-4
15
-33
0
-66
-22
-6
-182
-4
-17
-33
0
-66
-22
-18
-79
-4
-36
-33
0
-66
-22
-15
-17
-4
-52
-33
0
-66
-22
19
19
-4
-18
-33
0
-66
-22
15
-73
-4
8
-33
0
-66
-22
-11
-160
-4
-24
-33
0
-66
-22
-18
-56
-4
-34
-33
0
-66
-22
-18
-21
-4
-34
-33
0
-66
-22
-18
-21
-4
-34
-33
0
-66
-22
-18
-21
-4
-34
-33
0
-66
-22
-18
-21
-4
-31
-33
0
-66
-22
15
11
-4
-1
-33
0
-66
-22
35
34
-4
48
-33
0
-66
-22
7
24
-4
70
-33
25
-66
-22
23
75
-4
35
-33
110
-66
-22
34
80
-4
7
-33
0
-66
-22
7
95
-4
-44
-33
0
-66
-22
7
18
-4
-62
-33
0
-66
-22
-20
-85
-4
-102
-33
0
-66
-22
-141
-335
-4
-212
215
0
-66
-22
-242
-350
-4
-297
535
10
-66
-22
-269
-350
-4
-297
263
66
-66
-22
-269
-246
54
-297
-33
0
-66
152
-214
-175
-4
-287
-33
0
-66
-22
-117
-95
-4
-133
-33
0
-66
-22
-44
-83
-4
-17
-33
0
-66
-22
33
-5
-4
39
-33
0
-66
-22
21
58
-4
66
-33
92
-66
-22
0
80
-4
25
-33
81
-66
-22
20
49
-4
6
-33
0
-66
-22
13
74
-4
-23
-33
0
-66
-22
-10
19
-4
-34
-33
0
-66
-22
-18
-21
-4
-34
-33
0
-66
-22
-18
-21
-4
-34
-33
0
-66
-22
-18
-21
-4
-34
-33
0
-66
-22
-18
-21
-4
-34
-33
0
-66
-22
-18
-21
-4
-34
-33
0
-66
-22
-18
-21
-4
-34
-33
0
-66
-22
-18
-21
-4
-34
-33
0
-66
-22
-18
-21
-4
-34
-33
0
-66
-22
-18
-21
-4
-34
-33
0
-66
-22
-18
-21
-4
-25
-33
0
-66
-22
6
5
-4
5
-33
0
-66
-22
41
53
-4
38
-33
0
-66
-22
8
49
-4
15
-33
72
-66
-22
-22
13
-4
-34
-33
0
-66
-22
-18
-21
-4
-34
-33
0
-66
-22
-18
-21
-4
-34
-33
0
-66
-22
-18
-21
-4
-34
-33
0
-66
-22
-18
-21
-4
-34
-33
0
-66
-22
-18
-21
-4
-34
-33
0
-66
-22
-18
-21
-4
-34
-33
0
-66
-22
-18
-21
-4
-34
-33
0
-66
-22
-18
-21
-4
-34
-33
0
-66
-22
-18
-21
-4
-34
-33
0
-66
-22
-18
-21
-4
-34
-33
0
-66
-22
-18
-21
-4
-34
-33
0
-66
-22
-18
-21
-4
0
-33
0
-66
-22
2
32
-4
5
-33
0
-66
-22
49
82
-4
6
-33
0
-66
-22
59
70
-4
38
-33
0
-66
-22
31
-82
-4
86
-33
0
-66
-22
82
39
-4
138
-33
57
-66
-22
90
203
-4
117
-33
248
-66
-22
45
193
-4
-16
-33
0
-66
-22
-4
51
-4
-98
-33
0
-66
-22
-107
-147
-4
-173
-33
147
-66
-22
-231
-319
-4
-283
617
242
-66
-22
-269
-311
-4
-297
263
66
-66
-22
-269
-246
54
-297
263
66
-66
-22
-269
-246
54
-297
-33
0
-66
27
-240
-202
-4
-297
-33
0
-66
-20
-152
-137
-4
-160
-33
0
-66
-17
-30
-96
-4
-58
-33
0
-66
-22
66
0
-4
28
-33
0
-66
-22
34
-60
-4
49
-33
0
-66
-22
23
-138
-4
28
-33
0
-66
-22
31
48
-4
33
-33
22
-66
-22
-3
72
-4
-11
-33
0
-66
-22
-18
13
-4
-34
-33
0
-66
-22
-18
-21
-4
-34
-33
0
-66
-22
-18
-21
-4
-34
-33
0
-66
-22
-18
-21
-4
-34
-33
0
-66
-22
-18
-21
-4
-34
-33
0
-66
-22
-18
-21
-4
-34
-33
0
-66
-22
-18
-21
-4
-34
-33
0
-66
-22
-18
-21
-4
-34
-33
0
-66
-22
-18
-21
-4
-34
-33
0
-66
-22
-18
-21
-4
-34
-33
0
-66
-22
-18
-21
-4
-45
-33
0
-66
-22
7
9
-4
-39
-33
0
-66
-22
42
6
-4
18
-33
0
-66
-22
10
-140
-4
12
-33
0
-66
-22
-18
-148
-4
-34
-33
0
-66
-22
-18
-21
-4
-34
-33
0
-66
-22
-18
-21
-4
-34
-33
0
-66
-22
-18
-21
-4
-34
-33
0
-66
-22
-18
-21
-4
-31
-33
0
-66
-22
-16
-16
-4
4
-33
0
-66
-22
5
35
-4
12
-33
45
-66
-22
17
39
-4
-4
-33
0
-66
-22
5
63
-4
-29
-33
0
-66
-22
-14
-1
-4
-34
-33
0
-66
-22
-18
-21
-4
-34
-33
0
-66
-22
-18
-21
-4
-34
-33
0
-66
-22
-18
-21
-4
-11
-33
0
-66
-22
20
25
-4
22
-33
0
-66
-22
32
63
-4
33
-33
18
-66
-22
-1
72
-4
-9
-33
0
-66
-22
10
42
-4
-4
-33
0
-66
-22
106
104
-4
114
-33
0
-66
-22
109
37
-4
149
-33
24
-66
-22
34
-12
-4
3
-33
267
-66
-22
-52
-3
-4
-132
-33
55
-66
-22
-156
-217
-4
-231
-24
0
-66
-22
-246
-350
-4
-297
624
69
-66
-22
-269
-347
-4
-297
263
66
-66
-22
-269
-246
54
-297
263
66
-66
-22
-269
-246
54
-297
152
56
-66
-22
-269
-238
18
-297
-33
0
-66
166
-198
-159
-4
-231
-33
0
-66
47
-62
-25
-4
-80
-33
0
-66
-22
-10
19
-4
-2
-33
0
-66
-22
-19
-21
-4
-40
-33
0
-66
-22
28
1
-4
5
-33
0
-66
-22
45
-1
-4
65
-33
0
-66
-22
20
-96
-4
20
-33
0
-66
-22
3
-21
-4
-24
-33
0
-66
-22
-10
16
-4
-34
-33
0
-66
-22
-18
-21
-4
-34
-33
0
-66
-22
-18
-21
-4
-34
-33
0
-66
-22
-18
-21
-4
-34
-33
0
-66
-22
-18
-21
-4
-34
-33
0
-66
-22
-18
-21
-4
-34
-33
0
-66
-22
-18
-21
-4
-34
-33
0
-66
-22
-18
-21
-4
-34
-33
0
-66
-22
-18
-21
-4
-17
-33
0
-66
-22
-8
5
-4
-2
-33
0
-66
-22
10
30
-4
-8
-33
0
-66
-22
13
37
-4
-16
-33
0
-66
-22
-6
-9
-4
-27
-33
0
-66
-22
-18
-44
-4
-34
-33
0
-66
-22
-18
-21
-4
-34
-33
0
-66
-22
-18
-21
-4
-34
-33
0
-66
-22
-18
-21
-4
-34
-33
0
-66
-22
-18
-21
-4
-32
-33
0
-66
-22
-14
-16
-4
4
-33
0
-66
-22
29
46
-4
34
-33
0
-66
-22
31
72
-4
30
-33
0
-66
-22
-3
81
-4
-21
-33
0
-66
-22
-17
2
-4
-34
-33
0
-66
-22
-18
-21
-4
-34
-33
0
-66
-22
-18
-21
-4
-34
-33
0
-66
-22
-18
-21
-4
-49
-33
0
-66
-22
27
31
-4
-14
-33
0
-66
-22
35
-25
-4
30
-33
0
-66
-22
-4
-142
-4
-7
-33
0
-66
-22
2
-47
-4
-11
-33
0
-66
-22
83
96
-4
69
-33
0
-66
-22
129
43
-4
105
-33
0
-66
-22
61
-141
-4
4
-33
0
-66
-22
-90
-249
-4
-158
-33
159
-66
-22
-223
-321
-4
-289
418
137
-66
-22
-269
-306
-4
-297
330
57
-66
-22
-269
-266
-4
-297
263
66
-66
-22
-269
-246
54
-297
263
66
-66
-22
-269
-246
54
-297
263
66
-66
-22
-269
-246
54
-297
-33
0
-66
118
-220
-183
-4
-297
-33
0
-66
-22
-110
-123
-4
-174
-33
0
-66
-22
-72
-239
-4
-59
-33
0
-66
-22
-56
-240
-4
-55
-33
0
-66
-22
-16
-48
-4
-8
-33
0
-66
-22
24
8
-4
43
-33
0
-66
-22
38
7
-4
38
-33
0
-66
-22
12
54
-4
-5
-33
0
-66
-22
-12
37
-4
-34
-33
0
-66
-22
-18
-21
-4
-34
-33
0
-66
-22
-18
-21
-4
-34
-33
0
-66
-22
-18
-21
-4
-34
-33
0
-66
-22
-18
-21
-4
-34
-33
0
-66
-22
-18
-21
-4
-34
-33
0
-66
-22
-18
-21
-4
-34
-33
0
-66
-22
-18
-21
-4
-34
-33
0
-66
-22
-18
-21
-4
-10
-33
0
-66
-22
8
21
-4
25
-33
0
-66
-22
33
65
-4
30
-33
0
-66
-22
12
80
-4
-5
-33
0
-66
-22
-12
37
-4
-34
-33
0
-66
-22
-18
-21
-4
-34
-33
0
-66
-22
-18
-21
-4
-34
-33
0
-66
-22
-18
-21
-4
-34
-33
0
-66
-22
-18
-21
-4
-34
-33
0
-66
-22
-18
-21
-4
-36
-33
0
-66
-22
-14
-16
-4
-43
-33
0
-66
-22
39
35
-4
5
-33
0
-66
-22
30
-34
-4
35
-33
0
-66
-22
-13
-120
-4
-18
-33
0
-66
-22
-19
-47
-4
-34
-33
0
-66
-22
-18
-21
-4
-34
-33
0
-66
-22
-18
-21
-4
-34
-33
0
-66
-22
-18
-21
-4
-42
-33
0
-66
-22
-5
-4
-4
-32
-33
0
-66
-22
-2
-31
-4
-17
-33
0
-66
-22
-13
-78
-4
-13
-33
0
-66
-22
0
-16
-4
38
-33
0
-66
-22
72
119
-4
86
-33
0
-66
-22
107
136
-4
52
-33
0
-66
-22
9
21
-4
-76
-33
12
-66
-22
-154
-241
-4
-219
161
112
-66
-22
-254
-350
-4
-297
532
115
-66
-22
-269
-314
-4
-297
263
66
-66
-22
-269
-246
54
-297
263
66
-66
-22
-269
-246
54
-297
263
66
-66
-22
-269
-246
54
-297
263
66
-66
-22
-269
-246
54
-297
-33
29
-66
-22
-255
-219
-4
-297
-33
0
-66
-22
-204
-206
-4
-297
-33
0
-66
-22
-152
-284
-4
-204
-33
0
-66
-22
-99
-281
-4
-107
-33
0
-66
-22
-55
-175
-4
-53
-33
0
-66
-22
5
-26
-4
-9
-33
0
-66
-22
38
14
-4
44
-33
0
-66
-22
9
-40
-4
17
-33
0
-66
-22
-11
-38
-4
-28
-33
0
-66
-22
-14
1
-4
-34
-33
0
-66
-22
-18
-21
-4
-34
-33
0
-66
-22
-18
-21
-4
-34
-33
0
-66
-22
-18
-21
-4
-34
-33
0
-66
-22
-18
-21
-4
-34
-33
0
-66
-22
-18
-21
-4
-34
-33
0
-66
-22
-18
-21
-4
-34
-33
0
-66
-22
-18
-21
-4
-30
-33
0
-66
-22
20
26
-4
3
-33
0
-66
-22
47
34
-4
41
-33
0
-66
-22
9
-36
-4
8
-33
0
-66
-22
-18
-44
-4
-34
-33
0
-66
-22
-18
-21
-4
-34
-33
0
-66
-22
-18
-21
-4
-34
-33
0
-66
-22
-18
-21
-4
-34
-33
0
-66
-22
-18
-21
-4
-34
-33
0
-66
-22
-18
-21
-4
-35
-33
0
-66
-22
-17
-19
-4
-46
-33
0
-66
-22
6
6
-4
-14
-33
0
-66
-22
9
-37
-4
9
-33
0
-66
-22
-2
-92
-4
-16
-33
0
-66
-22
-9
-16
-4
-31
-33
0
-66
-22
-16
-10
-4
-34
-33
0
-66
-22
-18
-21
-4
-34
-33
0
-66
-22
-18
-21
-4
-34
-33
0
-66
-22
-18
-21
-4
-34
-33
0
-66
-22
-18
-21
-4
-34
-33
0
-66
-22
-18
-21
-4
-27
-33
0
-66
-22
4
8
-4
8
-33
0
-66
-22
84
99
-4
12
-33
0
-66
-22
58
2
-4
-18
-33
0
-66
-22
-110
-231
-4
-160
-33
283
-66
-22
-240
-350
-4
-287
510
110
-66
-22
-269
-350
-4
-297
378
51
-66
-22
-269
-280
-4
-297
263
66
-66
-22
-269
-246
54
-297
263
66
-66
-22
-269
-246
54
-297
263
66
-66
-22
-269
-246
54
-297
263
66
-66
-22
-269
-246
54
-297
263
66
-66
-22
-269
-246
54
-297
104
51
-66
-22
-268
-235
2
-297
-33
0
-66
-22
-234
-212
-4
-297
-33
0
-66
-22
-167
-228
-4
-229
-33
0
-66
-22
-102
-228
-4
-119
-33
0
-66
-22
-39
-150
-4
-29
-33
0
-66
-22
21
-32
-4
61
-33
0
-66
-22
45
-23
-4
57
-33
0
-66
-22
30
25
-4
5
-33
0
-66
-22
2
77
-4
-31
-33
0
-66
-22
-16
-10
-4
-34
-33
0
-66
-22
-18
-21
-4
-34
-33
0
-66
-22
-18
-21
-4
-34
-33
0
-66
-22
-18
-21
-4
-34
-33
0
-66
-22
-18
-21
-4
-34
-33
0
-66
-22
-18
-21
-4
-34
-33
0
-66
-22
-18
-21
-4
-13
-33
0
-66
-22
25
53
-4
33
-33
0
-66
-22
65
67
-4
57
-33
0
-66
-22
34
-4
-4
11
-33
0
-66
-22
-6
-18
-4
-34
-33
0
-66
-22
-18
-21
-4
-34
-33
0
-66
-22
-18
-21
-4
-34
-33
0
-66
-22
-18
-21
-4
-34
-33
0
-66
-22
-18
-21
-4
-34
-33
0
-66
-22
-18
-21
-4
-34
-33
0
-66
-22
-18
-21
-4
-34
-33
0
-66
-22
-18
-21
-4
7
-33
0
-66
-22
13
44
-4
35
-33
25
-66
-22
34
69
-4
25
-33
0
-66
-22
17
99
-4
-16
-33
0
-66
-22
-10
28
-4
-34
-33
0
-66
-22
-18
-21
-4
-34
-33
0
-66
-22
-18
-21
-4
-34
-33
0
-66
-22
-18
-21
-4
-34
-33
0
-66
-22
-18
-21
-4
-36
-33
0
-66
-22
-19
-24
-4
-59
-33
0
-66
-22
-11
-28
-4
-117
-33
0
-66
-22
15
-61
-4
-113
-33
0
-66
-22
-88
-306
-4
-134
-33
234
-66
-22
-222
-350
-4
-263
699
0
-66
-22
-264
-350
-4
-297
455
42
-66
-22
-269
-303
-4
-297
263
66
-66
-22
-269
-246
54
-297
263
66
-66
-22
-269
-246
54
-297
263
66
-66
-22
-269
-246
54
-297
263
66
-66
-22
-269
-246
54
-297
263
66
-66
-22
-269
-246
54
-297
263
66
-66
-22
-269
-246
54
-297
263
66
-66
-22
-269
-246
54
-297
199
60
-66
-22
-269
-241
33
-297
-33
0
-66
-2
-237
-203
-4
-297
-33
0
-66
-22
-168
-220
-4
-233
-33
0
-66
-22
-103
-244
-4
-108
-33
0
-66
-22
-35
-143
-4
-7
-33
0
-66
-22
39
14
-4
97
-33
0
-66
-22
50
110
-4
82
-33
379
-66
-22
26
80
-4
5
-33
0
-66
-22
7
92
-4
-32
-33
0
-66
-22
-16
-12
-4
-34
-33
0
-66
-22
-18
-21
-4
-34
-33
0
-66
-22
-18
-21
-4
-34
-33
0
-66
-22
-18
-21
-4
-34
-33
0
-66
-22
-18
-21
-4
-34
-33
0
-66
-22
-18
-21
-4
-29
-33
0
-66
-22
16
12
-4
2
-33
0
-66
-22
36
39
-4
35
-33
0
-66
-22
-2
10
-4
4
-33
13
-66
-22
-23
-17
-4
-34
-33
0
-66
-22
-18
-21
-4
-34
-33
0
-66
-22
-18
-21
-4
-34
-33
0
-66
-22
-18
-21
-4
-34
-33
0
-66
-22
-18
-21
-4
-34
-33
0
-66
-22
-18
-21
-4
-34
-33
0
-66
-22
-18
-21
-4
-34
-33
0
-66
-22
-18
-21
-4
-28
-33
0
-66
-22
26
21
-4
9
-33
0
-66
-22
32
35
-4
37
-33
20
-66
-22
-10
1
-4
-8
-33
0
-66
-22
-22
-18
-4
-34
-33
0
-66
-22
-18
-21
-4
-34
-33
0
-66
-22
-18
-21
-4
-34
-33
0
-66
-22
-18
-21
-4
-34
-33
0
-66
-22
-18
-21
-4
-56
-33
0
-66
-22
-33
-55
-4
-119
-33
0
-66
-22
-77
-133
-4
-196
-33
0
-66
-22
-136
-256
-4
-216
-33
0
-66
-22
-226
-350
-4
-270
970
0
-66
-22
-269
-350
-4
-297
340
56
-66
-22
-269
-269
-4
-297
263
66
-66
-22
-269
-246
54
-297
263
66
-66
-22
-269
-246
54
-297
263
66
-66
-22
-269
-246
54
-297
263
66
-66
-22
-269
-246
54
-297
263
66
-66
-22
-269
-246
54
-297
263
66
-66
-22
-269
-246
54
-297
263
66
-66
-22
-269
-246
54
-297
263
66
-66
-22
-269
-246
54
-297
263
66
-66
-22
-269
-246
54
-297
263
66
-66
-22
-269
-246
54
-297
-33
0
-66
40
-238
-198
-4
-297
-33
0
-66
-22
-167
-199
-4
-245
-33
0
-66
-22
-81
-222
-4
-117
-33
0
-66
-22
7
-135
-4
27
-33
0
-66
-22
57
-122
-4
79
-33
0
-66
-22
21
-64
-4
30
-33
120
-66
-22
-20
34
-4
-29
-33
0
-66
-22
-19
-15
-4
-34
-33
0
-66
-22
-18
-21
-4
-34
-33
0
-66
-22
-18
-21
-4
-34
-33
0
-66
-22
-18
-21
-4
-34
-33
0
-66
-22
-18
-21
-4
-34
-33
0
-66
-22
-18
-21
-4
-49
-33
0
-66
-22
11
16
-4
-34
-33
0
-66
-22
30
-24
-4
12
-33
0
-66
-22
1
-157
-4
-3
-33
0
-66
-22
-18
-118
-4
-34
-33
0
-66
-22
-18
-21
-4
-34
-33
0
-66
-22
-18
-21
-4
-34
-33
0
-66
-22
-18
-21
-4
-34
-33
0
-66
-22
-18
-21
-4
-34
-33
0
-66
-22
-18
-21
-4
-34
-33
0
-66
-22
-18
-21
-4
-34
-33
0
-66
-22
-18
-21
-4
-21
-33
0
-66
-22
39
76
-4
52
-33
0
-66
-22
79
57
-4
107
-33
0
-66
-22
62
-17
-4
40
-33
0
-66
-22
24
33
-4
-19
-33
0
-66
-22
-6
34
-4
-34
-33
0
-66
-22
-18
-21
-4
-34
-33
0
-66
-22
-18
-21
-4
-60
-33
0
-66
-22
-34
-61
-4
-115
-33
0
-66
-22
-89
-142
-4
-180
-33
0
-66
-22
-178
-298
-4
-239
14
93
-66
-22
-253
-350
-4
-297
687
26
-66
-22
-269
-350
-4
-297
263
66
-66
-22
-269
-246
54
-297
263
66
-66
-22
-269
-246
54
-297
263
66
-66
-22
-269
-246
54
-297
263
66
-66
-22
-269
-246
54
-297
263
66
-66
-22
-269
-246
54
-297
263
66
-66
-22
-269
-246
54
-297
263
66
-66
-22
-269
-246
54
-297
263
66
-66
-22
-269
-246
54
-297
263
66
-66
-22
-269
-246
54
-297
263
66
-66
-22
-269
-246
54
-297
263
66
-66
-22
-269
-246
54
-297
263
66
-66
-22
-269
-246
54
-297
231
63
-66
-22
-269
-243
44
-297
-33
0
-66
15
-237
-203
-4
-297
-33
0
-66
-22
-168
-191
-4
-235
-33
0
-66
-22
-80
-204
-4
-87
-33
0
-66
-22
36
-72
-4
39
-33
0
-66
-22
42
-118
-4
79
-33
0
-66
-22
19
-63
-4
16
-33
0
-66
-22
15
27
-4
-2
-33
0
-66
-22
7
55
-4
-25
-33
0
-66
-22
-11
12
-4
-34
-33
0
-66
-22
-18
-21
-4
-34
-33
0
-66
-22
-18
-21
-4
-34
-33
0
-66
-22
-18
-21
-4
-35
-33
0
-66
-22
-17
-19
-4
-34
-33
0
-66
-22
-16
-21
-4
-23
-33
0
-66
-22
-12
-16
-4
12
-33
0
-66
-22
10
38
-4
44
-33
3
-66
-22
36
93
-4
33
-33
0
-66
-22
33
110
-4
-4
-33
0
-66
-22
5
66
-4
-29
-33
0
-66
-22
-14
-3
-4
-34
-33
0
-66
-22
-18
-21
-4
-34
-33
0
-66
-22
-18
-21
-4
-34
-33
0
-66
-22
-18
-21
-4
-13
-33
0
-66
-22
20
25
-4
39
-33
0
-66
-22
61
93
-4
85
-33
0
-66
-22
49
142
-4
56
-33
81
-66
-22
4
101
-4
-1
-33
0
-66
-22
-18
27
-4
-34
-33
0
-66
-22
-18
-21
-4
-62
-33
0
-66
-22
-35
-63
-4
-117
-33
0
-66
-22
-91
-143
-4
-179
-33
1
-66
-22
-179
-310
-4
-240
-9
50
-66
-22
-251
-350
-4
-297
606
60
-66
-22
-269
-350
-4
-297
282
63
-66
-22
-269
-251
29
-297
263
66
-66
-22
-269
-246
54
-297
263
66
-66
-22
-269
-246
54
-297
263
66
-66
-22
-269
-246
54
-297
263
66
-66
-22
-269
-246
54
-297
263
66
-66
-22
-269
-246
54
-297
263
66
-66
-22
-269
-246
54
-297
263
66
-66
-22
-269
-246
54
-297
263
66
-66
-22
-269
-246
54
-297
263
66
-66
-22
-269
-246
54
-297
263
66
-66
-22
-269
-246
54
-297
263
66
-66
-22
-269
-246
54
-297
263
66
-66
-22
-269
-246
54
-297
263
66
-66
-22
-269
-246
54
-297
152
56
-66
-22
-269
-238
18
-297
-33
0
-66
-22
-237
-213
-4
-297
-33
0
-66
-22
-158
-180
-4
-198
-33
0
-66
-22
-41
-137
-4
-71
-33
0
-66
-22
-26
-149
-4
5
-33
0
-66
-22
-13
-20
-4
7
-33
0
-66
-22
13
0
-4
38
-33
0
-66
-22
6
82
-4
21
-33
0
-66
-22
6
62
-4
-6
-33
0
-66
-22
4
28
-4
-22
-33
0
-66
-22
-9
23
-4
-34
-33
0
-66
-22
-18
-21
-4
-34
-33
0
-66
-22
-18
-21
-4
-34
-33
0
-66
-22
-18
-21
-4
-25
-33
0
-66
-22
-7
-4
-4
17
-33
0
-66
-22
39
64
-4
73
-33
0
-66
-22
70
142
-4
86
-33
25
-66
-22
39
160
-4
33
-33
0
-66
-22
-3
87
-4
-21
-33
0
-66
-22
-17
2
-4
-34
-33
0
-66
-22
-18
-21
-4
-34
-33
0
-66
-22
-18
-21
-4
-34
-33
0
-66
-22
-18
-21
-4
-48
-33
0
-66
-22
25
29
-4
-25
-33
0
-66
-22
68
16
-4
40
-33
0
-66
-22
52
-118
-4
58
-33
0
-66
-22
5
-164
-4
33
-33
0
-66
-22
0
-54
-4
-30
-33
0
-66
-22
-10
-16
-4
-99
-33
0
-66
-22
-79
-91
-4
-176
-33
0
-66
-22
-181
-308
-4
-245
-30
44
-66
-22
-248
-350
-4
-297
468
65
-66
-22
-269
-345
-4
-297
330
57
-66
-22
-269
-266
-4
-297
263
66
-66
-22
-269
-246
54
-297
263
66
-66
-22
-269
-246
54
-297
263
66
-66
-22
-269
-246
54
-297
263
66
-66
-22
-269
-246
54
-297
263
66
-66
-22
-269
-246
54
-297
263
66
-66
-22
-269
-246
54
-297
263
66
-66
-22
-269
-246
54
-297
263
66
-66
-22
-269
-246
54
-297
263
66
-66
-22
-269
-246
54
-297
263
66
-66
-22
-269
-246
54
-297
263
66
-66
-22
-269
-246
54
-297
263
66
-66
-22
-269
-246
54
-297
263
66
-66
-22
-269
-246
54
-297
263
66
-66
-22
-269
-246
54
-297
263
66
-66
-22
-269
-246
54
-297
120
53
-66
-22
-269
-236
7
-297
-33
0
-66
-9
-223
-202
-4
-297
-33
0
-66
-22
-116
-163
-4
-235
-33
0
-66
-22
-115
-327
-4
-156
-33
0
-66
-22
-77
-350
-4
-97
-33
0
-66
-22
-13
-198
-4
39
-33
0
-66
-22
11
-120
-4
69
-33
0
-66
-22
46
51
-4
62
-33
0
-66
-22
38
135
-4
25
-33
0
-66
-22
8
87
-4
-22
-33
0
-66
-22
-9
20
-4
-33
-33
0
-66
-22
-18
-17
-4
-34
-33
0
-66
-22
-18
-21
-4
-37
-33
0
-66
-22
-4
-6
-4
-36
-33
0
-66
-22
49
38
-4
10
-33
0
-66
-22
75
1
-4
83
-33
0
-66
-22
37
-98
-4
63
-33
29
-66
-22
4
-91
-4
8
-33
0
-66
-22
0
12
-4
-5
-33
0
-66
-22
2
31
-4
-13
-33
0
-66
-22
-2
15
-4
-25
-33
0
-66
-22
-11
12
-4
-26
-33
0
-66
-22
4
19
-4
-13
-33
0
-66
-22
26
13
-4
-8
-33
0
-66
-22
14
-51
-4
-23
-33
0
-66
-22
-14
-104
-4
-18
-33
0
-66
-22
-2
-50
-4
-60
-33
122
-66
-22
-55
-91
-4
-129
-33
0
-66
-22
-171
-215
-4
-244
2
87
-66
-22
-249
-350
-4
-297
411
55
-66
-22
-269
-343
-4
-297
349
55
-66
-22
-269
-272
-4
-297
263
66
-66
-22
-269
-246
54
-297
263
66
-66
-22
-269
-246
54
-297
263
66
-66
-22
-269
-246
54
-297
263
66
-66
-22
-269
-246
54
-297
263
66
-66
-22
-269
-246
54
-297
263
66
-66
-22
-269
-246
54
-297
263
66
-66
-22
-269
-246
54
-297
263
66
-66
-22
-269
-246
54
-297
263
66
-66
-22
-269
-246
54
-297
263
66
-66
-22
-269
-246
54
-297
263
66
-66
-22
-269
-246
54
-297
263
66
-66
-22
-269
-246
54
-297
263
66
-66
-22
-269
-246
54
-297
263
66
-66
-22
-269
-246
54
-297
263
66
-66
-22
-269
-246
54
-297
263
66
-66
-22
-269
-246
54
-297
263
66
-66
-22
-269
-246
54
-297
9
43
-66
-22
-263
-229
-4
-297
-33
0
-66
-22
-218
-202
-4
-297
-33
0
-66
-22
-215
-330
-4
-297
-33
0
-66
72
-168
-350
-4
-235
-33
0
-66
-22
-75
-210
-4
-68
-33
0
-66
-22
9
-173
-4
15
-33
0
-66
-22
56
8
-4
81
-33
0
-66
-22
43
53
-4
64
-33
197
-66
-22
11
-7
-4
14
-33
0
-66
-22
0
74
-4
-17
-33
0
-66
-22
-8
4
-4
-24
-33
0
-66
-22
-10
3
-4
-35
-33
0
-66
-22
-9
-2
-4
-45
-33
0
-66
-22
12
2
-4
-29
-33
0
-66
-22
24
-50
-4
47
-33
0
-66
-22
44
-66
-4
84
-33
0
-66
-22
53
-3
-4
79
-33
0
-66
-22
49
147
-4
63
-33
0
-66
-22
51
151
-4
35
-33
0
-66
-22
25
95
-4
-11
-33
0
-66
-22
-13
45
-4
-21
-33
0
-66
-22
-2
7
-4
1
-33
0
-66
-22
12
12
-4
-25
-33
0
-66
-22
-28
2
-4
-122
-33
0
-66
-22
-82
-128
-4
-189
-33
0
-66
-22
-79
-228
-4
-165
-33
0
-66
-22
-165
-350
-4
-190
267
333
-66
-22
-256
-350
-4
-297
477
45
-66
-22
-269
-350
-4
-297
340
56
-66
-22
-269
-269
-4
-297
263
66
-66
-22
-269
-246
54
-297
263
66
-66
-22
-269
-246
54
-297
263
66
-66
-22
-269
-246
54
-297
263
66
-66
-22
-269
-246
54
-297
263
66
-66
-22
-269
-246
54
-297
263
66
-66
-22
-269
-246
54
-297
263
66
-66
-22
-269
-246
54
-297
263
66
-66
-22
-269
-246
54
-297
263
66
-66
-22
-269
-246
54
-297
263
66
-66
-22
-269
-246
54
-297
263
66
-66
-22
-269
-246
54
-297
263
66
-66
-22
-269
-246
54
-297
263
66
-66
-22
-269
-246
54
-297
263
66
-66
-22
-269
-246
54
-297
263
66
-66
-22
-269
-246
54
-297
263
66
-66
-22
-269
-246
54
-297
263
66
-66
-22
-269
-246
54
-297
263
66
-66
-22
-269
-246
54
-297
263
66
-66
-22
-269
-246
54
-297
263
66
-66
-22
-269
-246
54
-297
263
66
-66
-22
-269
-246
54
-297
-33
22
-66
-22
-251
-214
-4
-297
-33
0
-66
42
-157
-169
-4
-267
-33
0
-66
-22
-68
-192
-4
-160
-33
0
-66
-22
-59
-263
-4
-107
-33
0
-66
-22
-48
-330
-4
-50
-33
0
-66
-22
-49
-276
-4
25
-33
82
-66
-22
-14
-88
-4
36
-33
68
-66
-22
31
56
-4
24
-33
0
-66
-22
18
98
-4
-16
-33
0
-66
-22
-9
30
-4
-34
-33
0
-66
-22
-18
-21
-4
-34
-33
0
-66
-22
-18
-21
-4
10
-33
0
-66
-22
57
91
-4
107
-33
0
-66
-22
111
166
-4
166
-33
23
-66
-22
106
214
-4
99
-33
0
-66
-22
90
191
-4
54
-33
0
-66
-22
18
56
-4
-39
-33
104
-66
-22
-64
-121
-4
-146
-33
0
-66
-22
-59
-137
-4
-150
-33
0
-66
-22
-73
-242
-4
-124
-33
1
-66
-22
-141
-329
-4
-197
-33
161
-66
-22
-197
-350
-4
-290
-33
0
-66
-22
-188
-350
-4
-278
-33
0
-66
-22
-229
-350
-4
-283
854
0
-66
-22
-269
-350
-4
-297
330
57
-66
-22
-269
-266
-4
-297
263
66
-66
-22
-269
-246
54
-297
263
66
-66
-22
-269
-246
54
-297
263
66
-66
-22
-269
-246
54
-297
263
66
-66
-22
-269
-246
54
-297
263
66
-66
-22
-269
-246
54
-297
263
66
-66
-22
-269
-246
54
-297
263
66
-66
-22
-269
-246
54
-297
263
66
-66
-22
-269
-246
54
-297
263
66
-66
-22
-269
-246
54
-297
263
66
-66
-22
-269
-246
54
-297
263
66
-66
-22
-269
-246
54
-297
263
66
-66
-22
-269
-246
54
-297
263
66
-66
-22
-269
-246
54
-297
263
66
-66
-22
-269
-246
54
-297
263
66
-66
-22
-269
-246
54
-297
263
66
-66
-22
-269
-246
54
-297
263
66
-66
-22
-269
-246
54
-297
263
66
-66
-22
-269
-246
54
-297
263
66
-66
-22
-269
-246
54
-297
263
66
-66
-22
-269
-246
54
-297
263
66
-66
-22
-269
-246
54
-297
263
66
-66
-22
-269
-246
54
-297
263
66
-66
-22
-269
-246
54
-297
-33
0
-66
108
-224
-181
-4
-297
-33
0
-66
-22
-172
-224
-4
-284
-33
0
-66
-22
-174
-350
-4
-286
-33
0
-66
-22
-148
-350
-4
-258
-33
0
-66
-22
-117
-350
-4
-191
-33
0
-66
-22
-72
-350
-4
-141
-33
0
-66
-22
-73
-242
-4
-111
-33
0
-66
-22
-114
-260
-4
-152
-33
0
-66
-22
-125
-282
-4
-179
-33
0
-66
-22
-122
-285
-4
-179
-33
0
-66
-22
-122
-285
-4
-190
-33
0
-66
-22
-45
-205
-4
-125
-33
0
-66
-22
0
-219
-4
-40
-33
0
-66
-22
-31
-311
-4
-72
-33
0
-66
-22
-64
-292
-4
-104
-33
0
-66
-22
-109
-350
-4
-153
-33
0
-66
-22
-175
-350
-4
-254
-33
55
-66
-22
-173
-336
-4
-286
-33
0
-66
-22
-161
-350
-4
-245
-33
0
-66
-22
-208
-350
-4
-269
364
0
-66
-22
-258
-350
-4
-297
544
51
-66
-22
-269
-327
-4
-297
263
66
-66
-22
-269
-246
54
-297
263
66
-66
-22
-269
-246
54
-297
263
66
-66
-22
-269
-246
54
-297
263
66
-66
-22
-269
-246
54
-297
263
66
-66
-22
-269
-246
54
-297
263
66
-66
-22
-269
-246
54
-297
263
66
-66
-22
-269
-246
54
-297
263
66
-66
-22
-269
-246
54
-297
263
66
-66
-22
-269
-246
54
-297
263
66
-66
-22
-269
-246
54
-297
263
66
-66
-22
-269
-246
54
-297
263
66
-66
-22
-269
-246
54
-297
263
66
-66
-22
-269
-246
54
