-34
-36
414
-33
-58
-89
229
-167
-50
105
182
135
94
-59
-68
-192
-34
-22
11
-33
-58
-89
296
-167
-50
-56
-6
-66
272
-59
-68
-192
-34
-22
11
-33
-58
-89
296
-167
-50
-56
-6
-66
272
-59
-68
-192
-34
14
11
-33
-58
-89
287
-167
-50
-43
-6
-70
289
-59
-68
-192
-34
217
11
-33
-58
-89
272
-167
-50
-185
-6
-31
207
-59
-68
-192
-34
330
11
-33
-58
-89
87
-167
-50
191
-6
326
64
-59
-68
-60
-34
-36
11
-33
-58
-89
115
-167
18
49
-6
434
-131
-59
-68
-192
-34
-36
11
-33
-58
-89
-16
-167
-50
13
-6
-114
-22
-59
-68
-87
-34
-36
11
-33
-58
-89
-16
-162
-50
-255
-6
-64
-59
-59
-68
-133
-34
-36
11
-33
-58
-89
-16
-167
58
-257
-6
-160
-131
-59
-68
35
23
-36
11
41
-58
-89
-6
-141
-50
-257
-6
-173
-131
-59
-68
-47
276
-36
11
107
-58
-89
-16
-78
116
-257
-6
-125
-131
-59
-68
78
184
-36
11
109
-58
133
-16
-30
64
-257
-6
-162
-131
-59
-68
-192
147
-36
11
27
-47
-89
-16
-22
247
-257
-6
310
-131
-59
-68
-60
-34
-36
11
-33
23
-89
95
19
34
-217
-6
-173
-131
-59
-68
295
-34
-36
11
-33
-46
-89
21
-167
166
-257
-6
-173
-131
-59
-68
-24
-34
-36
11
-33
-58
-89
-16
-167
161
-20
-6
19
-131
-59
-68
-114
-34
28
11
-33
-58
-89
197
-167
-50
-124
-6
-25
53
-59
-68
-192
-34
176
11
-33
-58
-89
-16
-167
-50
-257
-6
59
245
-59
-68
-192
-34
15
11
-33
-58
-89
231
-167
-50
-116
-6
7
258
-59
-68
-192
-34
41
11
-33
-58
-89
223
-167
-50
-23
-6
-92
330
-59
-68
-192
-34
-22
11
-33
-58
-89
296
-167
-50
-56
-6
-66
272
-59
-68
-192
-34
-22
11
-33
-58
-89
296
-167
-50
-56
-6
-66
272
-59
-68
-192
-34
407
11
-33
-58
-89
277
-167
3
-190
-6
-128
339
-59
-68
-90
38
-36
473
-33
-58
190
246
-167
-50
6
6
341
26
-59
-68
-192
-34
-36
11
-33
-58
68
170
-167
-50
65
-6
163
-131
-59
-68
-192
-34
-36
11
-33
-58
-82
174
-167
-50
-53
-6
127
-131
-59
-68
-192
-34
-36
11
-33
-58
-89
95
-167
-50
58
-6
449
-131
-59
-68
-19
147
-36
11
-33
-58
139
58
-167
-50
523
-6
582
-131
-59
-68
231
-34
-36
11
-33
-58
-89
-16
-54
-50
-46
-6
270
-131
-59
-68
251
-34
-36
11
-33
-58
-89
-16
-167
-50
-257
-6
145
-131
-59
-68
-29
300
-36
11
-33
-58
70
-16
-167
-50
-257
-6
125
-131
-59
-68
-192
-34
-36
11
-33
-58
33
-16
-167
84
-181
-6
73
-131
-59
-68
-192
-34
-36
11
-33
-58
-89
-16
-167
167
-1
-6
216
209
-59
-68
-192
-34
-36
11
-33
-58
-89
-16
-167
209
-76
-6
-10
383
-59
-68
-192
-34
-36
11
-33
-58
-89
-16
-167
175
40
-6
-49
362
-59
-68
-192
-34
-36
11
-33
-58
-89
-16
-167
102
20
-6
-105
124
75
-68
-134
-34
-36
11
-33
-58
-89
-16
-167
-3
268
7
168
-131
-59
-68
-192
-34
-36
243
-33
-58
-89
-16
-167
538
-116
-6
455
156
-59
-68
-192
-34
-36
11
-33
-58
-36
-16
-167
204
-111
-6
342
64
-59
-68
-141
-34
-36
11
-33
-58
10
-16
-167
-29
-257
-6
206
-131
-59
-68
53
-34
-36
11
-33
-58
331
-16
-167
-50
52
-6
96
-131
-59
-68
255
-34
-36
11
-33
-58
427
-16
-167
-50
280
-6
78
-131
-59
-68
-192
-34
-36
11
-33
-58
239
-16
-167
-50
37
-6
201
-131
-59
-68
-192
-34
-36
11
-33
-58
160
-16
-167
-50
-211
-6
237
-131
-59
-68
-192
-34
-36
11
-33
-58
139
89
-167
-50
94
-6
137
-131
-59
-68
-192
-34
-36
11
-33
-58
68
170
-167
-50
65
-6
163
-131
-59
-68
-192
-34
-36
11
-33
-58
-89
176
-167
-50
-114
-6
166
189
-59
-68
39
38
-36
473
-33
-58
190
246
-167
-50
6
6
341
26
-59
-68
-192
-34
-36
11
-33
-58
-88
174
-167
-50
-59
-6
123
-131
-59
-68
-192
130
-36
11
-33
-58
-89
96
-167
-50
175
-6
540
-131
-59
-68
-67
99
-36
11
-33
-58
27
-16
106
-50
320
-6
848
-131
-59
-68
444
-34
-36
11
-33
211
99
-16
201
-50
-257
-6
71
-131
-59
325
91
176
-36
11
117
69
77
-16
-167
-50
-257
-6
-154
-131
-59
-68
-192
111
-36
11
-33
-58
84
-16
-167
224
-257
-6
52
-109
-59
-68
-192
82
-36
11
-33
-58
140
-16
-167
207
233
-6
40
486
-59
-68
-192
163
-36
11
-33
-58
-25
5
-148
5
208
-6
10
172
-59
-68
-192
78
-36
11
-33
-58
-79
-16
-167
-50
141
-6
81
153
-59
-68
-118
-29
-36
11
-33
-58
-89
-16
-133
-11
104
-6
116
101
-28
-68
-143
-34
-36
11
-33
-58
-89
-6
-167
2
-39
-6
137
117
23
-68
-67
-34
-36
11
-33
-58
-89
-16
-147
48
75
-6
22
-19
70
-68
-111
-34
-36
11
-33
-58
-89
20
-98
35
116
48
27
44
-59
-68
-79
-34
-36
11
-33
-58
-12
8
-89
-25
101
-6
79
188
-59
-68
29
59
-36
11
-33
-58
-89
-16
-141
8
140
-6
192
223
-59
-68
-34
-34
-36
11
-33
-58
-89
-16
-167
218
-81
-6
260
-131
-59
-68
-192
-34
-36
11
-33
-58
-89
-16
-167
153
-257
-6
439
-131
-59
-68
51
-34
-36
11
-33
-58
-43
-16
-167
66
-257
-6
77
-131
-59
-68
260
25
-36
11
-33
-58
303
-16
-167
-50
95
-6
124
-131
-59
-68
128
11
-36
11
-33
-58
326
120
-167
-50
64
-6
1
-131
-59
-68
-192
-34
-36
11
-33
-58
171
-16
-167
-50
-257
-6
299
-131
-59
-68
-192
-34
-36
11
-33
-58
189
33
-167
-50
131
-6
113
-131
-59
-68
-192
-34
-36
11
-33
-58
-89
176
-167
-50
-114
-6
166
189
-59
-68
39
78
-36
360
-33
-58
148
251
-167
-50
-20
-6
329
44
-59
-68
-192
79
-36
11
-33
-58
-89
104
-167
-50
-45
-6
187
-131
-59
-68
-35
360
-36
11
-33
-58
-89
-16
91
-50
408
-6
546
-131
-59
-68
1136
48
-36
11
-33
168
-89
-16
-167
-50
-257
-6
100
-131
-59
1651
-100
75
-36
11
10
101
174
-16
-167
-50
-257
-6
-173
-131
117
186
-192
245
-36
11
117
68
213
-16
-167
645
-257
171
32
-131
5
-68
-192
37
-36
11
12
-58
70
-16
-20
80
218
-6
-153
-131
-59
-68
-192
-34
-36
11
-7
-58
165
-16
25
-34
28
-5
12
-113
-59
-68
-121
10
-36
11
10
-58
181
-16
49
-50
54
-6
153
-131
-59
-68
2
-34
-36
11
-33
-58
117
-16
-3
-15
142
-6
42
-131
-59
-68
-45
-34
-36
11
-33
-58
104
3
-38
-50
61
-6
99
-59
-59
-68
-3
-34
-36
11
-33
-58
24
-2
-132
-50
242
-6
109
-9
-59
-68
-60
-34
-36
11
-33
-58
-27
42
-118
-49
109
-6
123
144
-59
-68
-60
-34
-36
11
-33
-58
5
65
-100
-28
59
-6
124
136
-59
-68
-69
45
-36
11
-33
-58
13
-16
-74
-30
27
-6
110
156
-59
-68
-25
-7
-36
11
-33
-58
56
-16
-24
-23
14
-6
123
120
-45
-68
9
-33
-36
11
-33
-58
27
-16
-46
-50
189
-6
81
-131
-45
-68
-46
89
-36
11
-33
-58
-89
-16
-148
3
77
-6
276
-10
-59
-68
-192
-34
-36
11
-33
-58
-89
-16
-167
287
-257
-6
372
-131
-59
-68
-192
-34
-36
11
-33
-58
49
-16
-167
93
-257
-6
424
-131
-59
-68
130
-34
-36
11
-33
45
32
170
-167
-50
139
-6
228
-131
-59
-68
314
-34
-36
172
-33
-58
233
64
-167
-50
-72
-6
-173
-131
-59
-68
-192
-34
-36
11
-33
-58
138
-16
-167
-50
-257
-6
168
-131
-59
-68
-192
-34
-36
11
-33
-58
-89
149
-167
-50
-108
-6
158
217
-59
-68
41
154
-36
11
-33
-58
-89
226
-167
-50
-88
-6
481
-131
-59
-68
-192
426
-36
11
-33
-58
-89
-16
-155
-50
254
-6
350
-131
-59
-68
539
-34
-36
11
313
-58
-89
-16
-167
-50
-257
-6
201
-131
-59
1232
354
-34
-36
11
310
366
-89
-16
-167
-50
-257
-6
-173
-131
319
-68
-192
47
-36
11
-24
112
298
-16
-167
681
-257
385
-173
-131
-59
-68
-192
-26
-36
11
-33
103
-52
-16
49
45
200
502
-173
-36
69
-68
-143
15
-36
11
-33
-58
-89
-16
-30
167
31
157
95
-47
-59
-68
-58
-34
-36
11
-33
-58
-89
-16
-103
107
20
-6
10
-25
50
-68
-124
-34
-36
11
-33
-58
-89
-16
-65
48
84
57
117
35
17
-68
-105
-34
-36
11
-33
-58
-89
-16
-109
92
-31
-6
122
81
-59
-68
-59
-34
-36
11
-33
-58
-62
-16
-22
32
107
-6
64
92
-59
-68
-9
-34
-36
11
-33
-58
90
-9
-32
8
135
-6
85
191
-59
-68
-6
111
-36
11
-33
-58
94
-6
-50
-50
103
-6
123
97
-59
-68
-48
126
-36
11
-33
-58
118
3
-40
-50
119
-6
98
174
-59
-68
1
277
-36
11
-33
-58
38
-16
-50
-30
169
-6
122
292
-59
-68
38
131
-36
11
-33
-58
-75
-16
-35
0
-16
-6
137
-5
126
-68
-163
52
-36
11
-33
-58
-27
-16
40
-32
-62
-6
121
-87
-59
-68
-44
-10
-36
11
-33
-58
-27
-16
-102
13
192
-6
104
160
-59
-68
32
45
-36
11
-33
-58
-89
-16
-99
-29
128
-6
119
-2
-8
-68
-113
-34
-36
11
-33
-58
-89
-16
-167
123
-135
-6
281
-131
-59
-68
-192
-34
-36
11
-33
-58
-89
-16
-167
172
-257
-6
732
-131
-59
-68
90
-34
-36
11
-33
-58
100
373
-167
-50
14
-6
-19
-131
-59
-68
-56
-34
-36
262
-33
-58
251
63
-167
-50
-63
-6
-91
-131
-59
-68
-192
24
-36
11
-33
-58
-89
76
-167
-50
-222
-6
175
184
-59
-68
-33
423
-36
11
-33
-58
-89
252
-167
-50
162
-6
431
-131
-59
-68
29
255
159
11
14
-58
-89
-16
-64
-50
65
-6
421
-131
-59
-68
550
-34
-36
11
123
-58
-89
-16
-167
-50
-257
-6
-163
-131
559
342
-192
-34
-36
11
253
-58
-60
-16
-167
204
-257
17
-173
57
-49
-68
-192
-34
457
11
-33
-58
-89
-16
-109
105
102
548
-173
-79
64
-68
-192
-34
-36
11
-33
-58
-50
-16
156
67
35
36
11
-90
39
-68
117
-11
-36
11
-33
-58
8
4
69
121
117
163
-49
-36
-33
-68
58
-27
-36
11
-33
-58
-22
-16
-35
-50
84
-6
88
-56
-45
-68
-114
-34
-36
11
-33
-58
-28
37
-85
-37
12
106
163
18
-4
-68
-85
-30
-36
11
-33
-58
-58
41
-102
-34
128
-6
100
70
-59
-68
-1
-33
-36
11
-33
-58
-17
-12
-46
15
62
-6
81
234
-59
-68
-21
-10
-36
11
-33
-58
8
-16
-30
-18
-29
-6
109
-8
-4
-68
-80
19
-36
11
-33
-58
11
-16
-43
-50
43
-6
111
-47
-59
-68
-51
36
-36
11
10
-58
50
-16
19
-50
58
-6
29
10
-59
-68
1
-3
-36
11
226
-58
58
-16
38
-50
63
-6
89
-16
68
-68
60
-34
-36
11
19
-58
84
-16
12
-50
81
-6
16
-131
74
-68
-40
46
-36
11
-33
-58
-4
-16
-2
0
199
164
61
-85
-59
-68
-101
58
-36
11
-33
-58
-9
-16
-5
-10
12
-6
69
169
-59
-68
78
66
-36
11
-33
-58
39
-16
-57
-50
210
-6
84
34
49
-68
-55
141
-36
11
-33
-58
-89
-16
-116
-50
158
-6
100
17
-59
-68
-119
-11
-36
11
-33
-58
-89
-16
-104
-2
51
-6
332
-131
-59
-68
-192
-34
-36
344
-33
-58
55
-16
-149
-14
-121
-6
493
-131
-59
-68
-82
-34
-36
405
-33
-58
155
168
-167
-50
47
-6
108
-110
-59
-68
-192
52
-36
119
-33
-58
-89
50
-167
-50
-257
-6
241
-131
-59
-68
-192
640
-36
179
-33
-58
-89
135
-92
-50
9
-6
517
-131
-59
-68
404
-34
-36
11
221
-58
-89
-16
-167
-50
-257
-6
99
-131
253
-68
204
-34
-36
11
263
-58
-89
-16
-167
-50
-257
-6
-25
-16
232
-68
-192
-34
89
11
-33
-58
-89
-16
-167
345
45
247
-11
102
-59
-68
-192
-34
266
11
-33
-58
-89
-12
-110
144
117
0
-28
271
75
-68
92
-5
-36
11
-33
-58
-89
-16
33
107
-49
-6
62
122
-10
-68
-60
48
-36
11
-33
-58
-89
-3
29
153
-82
-6
167
98
-56
-68
55
1
-36
11
-33
-58
11
-16
-26
23
140
-6
-10
-61
-59
-68
-88
-3
-36
11
-33
-58
69
-1
-76
-47
125
-2
93
-2
-59
-68
-96
134
-36
11
-33
-58
19
-6
-90
-50
124
-6
109
218
-59
-68
-2
57
-36
11
-33
-58
-8
-16
-69
-25
74
-6
103
239
-6
-68
22
78
-36
11
-33
-58
-19
-16
-31
-25
94
-6
86
-22
-7
-68
-39
34
-36
11
-33
-58
-89
-16
-101
29
89
40
98
11
-10
-68
-115
-19
-36
11
-33
-58
-89
-16
-136
42
-2
-6
110
113
-17
-68
-57
-34
20
11
-33
-58
-89
-16
-125
101
-45
-6
-12
-6
70
-68
-79
-6
-36
11
-33
-58
-89
-16
24
72
182
-6
-29
-54
-43
-68
-43
-34
-36
11
-33
-58
-3
-16
-2
55
-15
73
15
205
-55
-68
1
166
-36
11
-33
-58
-44
-16
-5
3
52
-6
78
53
-59
-68
33
10
-36
11
-33
-58
91
-16
57
-16
120
-6
56
-54
22
-68
-7
157
-36
11
-33
-58
73
-16
-16
-50
123
58
50
-108
-59
-68
-105
9
-36
11
-33
-58
63
-16
-64
-50
-25
-6
50
-131
-59
-68
-192
-34
-36
11
-33
-58
314
-16
-19
-50
11
-6
462
-131
-59
-68
-104
-34
-36
11
-33
18
153
-16
-167
-50
345
-6
399
-131
-59
-68
103
-34
146
648
-33
-58
-89
116
-167
-50
-198
-6
-56
-131
-59
-68
-192
610
-36
299
44
-58
-89
-16
-167
-50
92
-6
627
-131
-59
-68
632
-34
-36
11
-33
-58
-89
-16
-167
-50
-257
-6
-173
-126
242
-68
-192
-34
-36
11
-33
-58
56
-16
-167
-50
9
-6
107
33
-59
-68
-192
-34
-36
11
-33
-58
-89
-16
-99
14
37
-6
117
244
-59
-68
-39
-34
-36
11
-33
-58
-67
-16
-78
-18
-15
-6
92
117
56
-68
16
-23
-36
11
-9
-58
-61
-16
-45
-45
15
-6
58
15
6
-68
25
62
-36
11
-33
-58
-71
-16
-32
-8
188
-6
53
26
-51
-68
8
111
-36
11
-33
-58
19
-16
14
64
115
-6
45
126
-59
-68
-36
146
-36
11
-33
-58
108
-16
-7
-40
129
-6
90
73
-54
-68
-92
272
-36
11
-33
-58
9
-16
-31
-50
70
-6
145
230
-59
-68
40
119
-36
11
-33
-58
31
-16
-6
-23
42
-6
45
28
51
-68
-62
102
-36
11
-33
-58
51
-16
30
-19
-3
21
92
-131
20
-68
-123
-10
-36
11
-33
-58
63
-16
-10
-50
30
18
103
-66
-59
-68
37
11
-36
11
-33
-58
-11
-7
-81
28
197
-6
72
121
-59
-68
44
91
-36
11
-33
-58
-89
-16
-55
-7
162
-6
85
131
-12
-68
-31
55
-36
11
-33
-58
-89
-16
-17
3
-38
-6
131
158
-19
-68
-23
33
-36
11
-33
-58
-76
-16
-15
56
27
-6
101
8
-30
-68
-19
80
-36
11
-33
-58
-89
-16
-90
42
40
-6
106
77
94
-68
-83
-34
-36
11
-33
-58
-89
-16
-61
-12
-82
-6
67
-131
79
-68
-176
-34
-36
11
-33
-58
-89
-16
-83
25
175
4
135
-69
-1
-68
-16
-34
-36
11
-33
-58
-89
-16
-147
16
172
-6
-58
-28
-59
-68
-63
-34
-36
11
-33
-58
-9
-16
-77
-50
7
-6
157
-131
-59
-68
-139
-34
-36
11
-33
-58
-89
-16
-28
-50
-257
-6
468
-131
-59
-68
-97
241
-36
11
-33
-58
-89
313
-60
95
-257
-6
-78
-131
-59
-68
321
313
-36
178
457
-58
-89
-16
-167
-50
-257
-6
391
-131
-59
-68
297
-34
-36
11
170
-58
334
-16
-167
-50
-216
-6
-173
-131
29
-68
-192
-34
-36
11
-33
-58
183
-16
-164
26
222
135
145
-99
-59
-68
-192
-34
-36
11
-33
-58
-78
16
-162
-38
117
-6
150
148
-59
-68
-20
-34
-36
11
-33
-58
-89
-16
-141
-10
44
-6
52
95
-59
-68
27
51
-36
11
-33
-58
-89
-16
-52
60
175
-6
14
172
-59
-68
14
112
-36
11
-33
-58
-89
-16
1
31
10
-6
1
177
-59
-68
-20
118
-36
11
-20
-58
5
-16
56
-23
9
-6
13
58
-22
-68
5
33
-36
11
-31
-58
105
-16
30
-43
9
40
65
-131
131
-68
-99
134
-36
11
146
-58
-89
-16
-70
-38
19
-6
161
-70
27
-68
-31
-34
-36
11
95
-58
-89
-16
-59
-50
46
-6
31
-131
174
-68
-63
-34
-36
11
-33
-58
-79
-16
-60
-22
64
160
32
-131
100
-68
-84
-34
-36
11
-33
-58
-84
-16
-21
9
127
25
59
-13
-59
-68
-37
-34
-36
11
-33
-58
-22
-16
-25
35
4
-6
89
127
-21
-68
-1
-34
-36
11
8
-58
3
-16
-50
-50
6
-6
112
-51
68
-68
-34
-29
-36
11
8
-58
-65
-16
-91
-50
125
-6
77
-98
33
-68
-29
-34
-36
11
-33
-58
-38
-16
-56
-11
90
-6
50
-29
48
-68
-55
-34
-36
11
-33
-58
-89
-16
-96
-10
64
-6
90
61
13
-68
78
-10
-36
11
-33
-58
-89
-16
-86
50
254
-6
-26
-34
-55
-68
-83
1
-36
11
-33
-58
-89
-16
-80
52
29
-6
103
216
-59
-68
-74
32
-36
11
-33
-58
-89
-16
-74
42
131
-6
148
222
-59
-68
41
22
-36
11
-33
-58
-89
-16
-91
-17
70
-6
45
-35
-59
-68
-176
-34
-36
11
-33
-58
-79
-16
-167
-50
-257
-6
59
-131
-59
-68
-192
223
-36
11
-33
-58
-89
69
-122
206
-257
-6
675
492
-59
-68
397
144
-36
194
101
-58
-89
-16
-167
21
-257
-6
237
-131
-51
-68
126
-34
-36
11
-33
-58
182
-16
-167
-50
-25
-6
-173
95
-59
-68
-192
9
-36
11
-33
-58
46
-8
-58
13
167
-6
25
276
-59
-68
-16
119
-36
11
-33
-58
33
28
-90
-19
113
-6
121
216
-59
-68
-54
136
-36
11
-33
-58
-21
-16
-34
-46
22
-6
125
66
-59
-68
-89
66
-36
11
-33
-58
-14
-16
14
-28
-38
-6
138
142
-59
-68
55
141
-36
11
11
-58
-86
-16
-12
61
52
-6
50
-15
52
-68
38
58
-36
11
12
-58
-89
-16
-58
32
-13
-6
-7
-112
152
-68
-92
-34
-36
11
-33
-58
-89
-16
-52
-5
45
124
19
-131
168
-68
-117
-34
-36
11
-33
-58
-89
-16
-167
44
98
204
86
52
53
-68
-57
-34
-36
11
-33
-58
-89
-16
-164
58
97
-6
26
-13
85
-68
-106
-34
-36
11
-33
-58
-89
10
-113
41
107
28
34
51
-12
-68
-74
-34
-36
11
-33
-58
-89
41
-103
33
46
-6
90
264
-59
-68
53
-34
-36
11
-33
-58
-89
2
-98
53
14
-6
32
127
5
-68
24
14
-36
11
-33
-58
-89
-16
-78
49
122
-6
55
66
-20
-68
-48
-2
-36
11
-33
-58
-89
-16
-100
30
71
-6
63
76
-4
-68
-108
-34
-36
11
-33
-58
-89
-16
-149
2
-45
-6
67
8
-26
-68
-121
-34
-36
11
-33
-58
-67
-16
-41
7
53
-6
40
21
-59
-68
-53
-34
-36
11
-33
-58
68
-16
20
-6
77
-6
80
90
-59
-68
36
46
-36
11
-33
-58
108
-16
24
-50
81
-6
43
-12
-59
-68
22
122
-36
11
-33
-58
78
-16
-32
-50
118
-6
93
-13
-59
-68
-87
48
-36
11
-33
-58
-17
-16
-84
-50
136
-6
177
-66
81
-68
-93
-34
-36
11
-33
-58
117
-16
-167
-50
128
-6
-8
-131
-59
-68
-192
501
167
553
-33
-58
-89
-16
-48
-50
38
301
407
236
-59
-68
279
257
-36
185
-33
-58
-89
-16
-167
15
-186
-6
181
-131
-59
-68
7
-34
-36
11
-33
-58
239
-16
-167
-50
-257
-6
-61
89
-59
-68
-192
84
-36
11
-33
-58
145
-16
87
-49
-22
-6
90
37
-59
-68
57
15
-36
11
-33
-58
167
-16
20
-50
85
-6
120
-121
48
-68
-47
116
-36
11
-4
-58
15
-16
-25
-50
46
-6
96
-53
-59
-68
27
62
-36
11
-33
-58
-84
-16
-38
19
118
-6
74
-11
37
-68
-65
28
-36
11
-18
-58
-89
-16
-27
41
5
-6
143
21
113
-68
12
-34
-36
11
-33
-58
-89
-16
-62
41
70
3
37
-110
163
-68
-58
-34
-36
11
-33
-58
-70
-16
-53
12
88
188
39
-130
22
-68
-81
-34
-36
11
-33
-58
-48
50
-120
11
76
68
97
121
-59
-68
-12
-34
-36
11
-33
-58
-11
53
-109
-30
142
-6
93
186
-59
-68
5
-17
-36
11
-33
-58
45
55
-71
-15
107
-6
89
208
-59
-68
-20
99
-36
11
-33
-58
-22
17
-83
-6
23
-6
155
225
-59
-68
-28
16
-36
11
-33
-58
-32
-16
-35
-50
-17
-6
86
33
-55
-68
-29
-34
-36
11
-33
-58
108
-16
42
-45
22
-6
85
2
-58
-68
15
-30
-36
11
-33
-58
62
-5
-52
-21
111
-6
151
-58
30
-68
-20
-6
-36
11
-33
-58
-23
23
-104
-47
164
-6
86
-1
-59
-68
-45
-7
-36
11
-33
-58
-89
5
-114
-1
83
-6
131
239
-59
-68
-33
-33
-36
11
-33
-58
-89
-16
-84
27
-34
-6
112
42
-13
-68
-93
93
-36
11
-33
-58
-89
-16
-10
53
63
-6
84
144
-59
-68
41
68
-36
11
-33
-58
-3
-16
7
33
152
-6
-12
172
-25
-68
34
76
-36
11
-33
-58
34
-16
-13
-29
106
-6
94
-125
72
-68
-158
-12
-36
11
-33
-58
314
-16
-167
-50
84
-6
208
-131
-59
-68
-33
457
115
11
-33
-58
-89
98
-57
-50
-257
71
480
40
-59
-68
440
58
-36
11
67
151
-89
-16
-167
3
-257
-6
146
-22
147
-68
-87
-34
-36
11
17
-58
128
-16
-167
48
-37
-6
-39
-93
-59
-68
-192
-34
-36
11
-33
-58
-89
-16
-104
25
43
-6
78
50
65
-68
-57
-34
-36
11
-33
-58
-89
-16
-83
20
-4
-6
25
-126
106
-68
-82
-34
-36
11
-33
-58
-89
-16
-44
55
155
-6
70
70
-59
-68
-8
-34
-36
11
-33
-58
-89
-16
-56
37
23
-6
29
80
106
-68
-3
-12
-36
11
-33
-58
-89
-16
-51
25
38
-6
51
-44
29
-68
0
-34
-36
11
-33
-58
-70
-16
-63
60
132
-6
39
-20
24
-68
-80
-34
-36
11
-33
-58
-13
21
-66
-10
60
95
97
47
-59
-68
-105
-9
-36
11
-33
-58
9
37
-90
-46
57
-6
102
170
-59
-68
-11
49
-36
11
-33
-58
77
-15
-39
-50
119
-6
93
222
-59
-68
7
56
-36
11
-33
-58
110
-16
-13
-50
23
-6
114
40
-41
-68
-74
66
-36
11
-33
-58
37
-16
-56
-50
32
-6
155
24
-33
-68
34
35
-36
11
-33
-58
-50
-16
-88
5
149
-6
49
-32
5
-68
-33
12
-36
11
-33
-58
-89
-16
-37
36
26
-6
68
14
40
-68
-109
-34
-36
11
-33
-58
-27
-16
-31
-42
5
-6
72
-9
-59
-68
-24
25
-36
11
-33
-58
96
-16
-35
-10
202
-6
85
151
-59
-68
-2
130
-36
11
-33
-58
45
-9
-81
-50
143
-6
146
218
-59
-68
-19
166
-36
11
-33
-58
-22
-16
-69
-50
159
-6
112
76
-58
-68
-91
195
-36
11
-33
-58
-89
-16
-43
9
10
-6
132
208
-59
-68
-34
36
-36
11
42
-58
-89
-16
25
50
-92
-6
62
-31
42
-68
-20
-34
-36
11
-33
-58
81
-16
33
-30
73
70
21
-131
69
-68
-71
23
-21
11
-23
-58
36
-16
-167
-50
300
-6
101
-131
-59
-68
52
265
-36
11
-33
-58
-89
-16
25
-50
-160
-6
380
-131
-59
-68
76
-34
-36
11
-33
-58
-89
-16
-167
-50
-248
-6
-64
-131
12
-68
-72
-34
-36
11
-33
-58
-23
-16
-139
251
201
162
181
4
-59
-68
-192
-34
-36
11
-33
-58
-89
7
-167
-4
12
-6
129
136
48
-68
-56
-34
-36
11
-33
-58
-89
4
-110
23
121
-6
46
-28
9
-68
-72
-34
-36
11
-33
-58
-89
17
-136
41
-20
-6
110
215
-6
-68
-20
-34
-36
11
-33
-58
-89
-16
-80
3
27
-6
46
-10
-13
-68
21
-34
-36
11
-33
-58
-50
-16
-24
12
135
-6
21
90
-28
-68
-4
-34
-36
11
-33
-58
37
-16
12
-41
65
-6
52
27
-59
-68
13
31
-36
11
-33
-58
124
-16
17
-48
160
-6
75
-6
-59
-68
12
119
-36
11
-33
-58
-5
-16
-59
-43
83
-6
119
24
-59
-68
-131
19
-36
11
-33
-58
-89
-16
-81
-50
-77
-6
111
87
-59
-68
-40
-34
-36
11
-33
-58
-5
-16
-41
-21
115
-6
32
-52
-20
-68
53
105
-36
11
-33
-58
-30
-16
-8
6
149
8
22
-38
-34
-68
-89
-34
-36
11
-33
-58
-75
-16
-29
-41
-33
-6
76
16
-59
-68
-5
-34
-36
11
-33
-58
2
-16
-24
-29
53
7
70
-12
36
-68
1
10
-36
11
-33
-58
-76
-16
-56
26
113
-6
67
-51
-59
-68
-105
-34
-36
11
-33
-58
-66
-16
-63
-29
-58
-6
88
134
-42
-68
-43
-34
-36
11
55
-58
21
-16
-33
-50
38
-6
83
-49
35
-68
-45
-34
-36
11
80
-58
42
-16
-46
-50
87
-6
76
-118
21
-68
-54
-34
-36
11
91
-58
-89
-16
-120
-50
120
-6
115
-8
119
-68
-1
-34
-36
11
-33
-58
-89
-16
-89
35
65
-6
-13
-107
70
-68
-33
-34
-36
11
-33
-58
-32
-16
51
73
98
-6
-22
-54
-19
-68
-7
12
-4
11
-33
-58
-72
-16
-40
119
104
-6
69
-131
-59
-68
9
206
-36
11
-33
-58
-89
-16
46
-48
-47
-6
189
-131
-59
-68
-50
24
-36
11
-33
-58
-89
-16
-7
-1
7
-6
142
-131
-59
-68
254
-34
-36
11
-33
-58
52
43
-76
-27
-18
48
-129
21
87
-68
64
-34
-36
11
-33
-58
-35
34
-150
-50
93
-6
151
47
-59
-68
-87
-34
-36
11
-33
-58
-23
37
-139
-50
82
-6
128
110
-59
-68
-70
-34
-36
11
-33
-58
-87
44
-167
-31
87
-6
152
131
-31
-68
-43
-34
-36
11
-33
-58
-89
-16
-107
-7
90
-6
82
116
-59
-68
-31
-34
-36
11
-33
-58
-75
-16
-57
32
53
-6
93
182
-9
-68
19
32
-36
11
-33
-58
-27
-16
-16
47
27
-6
17
-95
-59
-68
-120
-10
-36
11
-33
-58
51
-16
-3
-6
-20
-6
100
-131
-59
-68
-115
-13
-36
11
-33
-58
22
34
-43
4
109
-6
104
9
-59
-68
87
97
-36
11
-33
-58
-54
-16
-51
59
185
-6
-69
124
-59
-68
66
90
-36
11
-33
-58
10
-16
50
67
113
-6
21
1
-59
-68
-50
111
-36
11
-33
-58
-52
-16
5
-13
-49
100
147
-51
9
-68
-41
-21
-36
11
-33
-58
-89
-16
-57
38
-50
-6
-44
-131
-59
-68
-68
-34
-36
11
-33
-58
-3
-16
14
18
158
-6
66
16
-35
-68
-5
-34
-36
11
-33
-58
-42
11
-87
15
60
55
96
24
1
-68
-65
-34
-36
11
-33
-58
-89
-16
-167
-33
41
-6
116
-32
-22
-68
-120
-34
-36
11
-33
-58
-89
-16
-167
51
56
-6
49
54
54
-68
-88
-34
-36
11
-33
-58
-89
-16
-164
58
72
-6
31
51
31
-68
-91
-34
-36
11
-33
-58
-89
-16
-146
35
70
-6
59
90
43
-68
-63
-34
-36
11
-33
-58
-89
-16
-91
17
58
-6
17
133
-59
-68
43
-34
-36
11
-33
-58
3
-16
51
26
6
-6
24
61
-7
-68
-21
-34
-36
11
-33
-58
-56
-16
-46
74
-100
132
159
-131
-36
-68
-192
76
-36
11
-33
-58
-89
-7
-3
-50
-162
-6
242
-131
-59
-68
13
-34
-36
11
69
-58
-89
-16
-167
-47
-173
-6
321
-131
-59
-68
-1
-34
-36
11
-33
-58
124
109
-167
-50
-73
-6
-65
48
-30
-68
5
-34
-36
11
-33
-58
36
19
-144
-50
172
-6
118
55
-59
-68
-79
-34
-36
11
-33
-58
9
38
-141
-50
98
-6
137
92
-59
-68
-75
-34
-36
11
-33
-58
9
38
-141
-50
98
-6
137
92
-59
-68
-75
-34
-36
11
-33
-58
-86
-9
-148
-41
87
-6
151
164
-59
-68
-41
-34
-36
11
-33
-58
-89
-16
-104
-32
29
-6
117
40
10
-68
-82
-34
-36
11
-33
-58
-89
-16
-92
4
112
-6
99
74
-59
-68
26
-34
-36
11
-33
-58
-89
-16
-73
18
174
-6
50
52
-2
-68
-78
92
-36
11
-33
-58
-89
-16
21
66
45
-6
168
134
-59
-68
-18
114
-36
11
-11
-58
-59
-16
47
77
-24
-6
93
246
-59
-68
78
82
-36
11
45
-58
99
-16
143
5
-45
-6
15
-122
-59
-68
120
201
-36
11
-33
6
71
-16
113
37
185
105
82
-131
10
-68
12
96
-36
11
-33
-58
-89
-16
-5
106
78
15
76
-15
-59
-68
-79
18
-36
11
-33
-58
-60
-16
-25
-21
-65
-6
105
73
-59
-68
-71
-28
-36
11
-33
-58
10
18
-46
38
96
-6
161
-48
-12
-68
-65
-34
-36
11
-33
-58
-28
12
-138
-50
138
-6
106
44
-59
-68
-100
-34
-36
11
-33
-58
-51
44
-135
-50
74
-6
131
117
-59
-68
-51
-34
-36
11
-33
-58
-43
55
-124
-31
86
-6
124
130
-59
-68
-27
-34
-36
11
-33
-58
-51
51
-131
-20
67
-6
133
131
-49
-68
-47
-1
-36
11
-33
-58
-89
-3
-123
1
68
-6
121
213
-59
-68
22
-34
-36
11
-33
-58
-89
-16
-27
26
-59
-6
5
34
38
-68
-21
-34
-36
11
-33
-58
-74
-16
-135
-50
-80
98
-153
-131
125
-68
-192
118
-36
436
-33
-58
-89
-16
22
-50
-163
-6
151
-131
-59
-68
-153
72
-36
541
-33
-58
-89
-16
-167
-50
-257
-6
161
-131
-59
-68
-126
-34
-36
11
-33
-58
231
44
-167
26
10
-6
-111
30
-59
-68
-192
-34
-36
11
-33
-58
68
58
-88
-23
166
-6
55
253
-59
-68
-40
-15
-36
11
-33
-58
8
-4
-128
-50
67
-6
165
80
-59
-68
-163
-34
-36
11
-33
-58
-12
47
-138
-50
33
-6
165
88
-59
-68
-96
-34
-36
11
-33
-58
-80
32
-167
-42
95
-6
166
152
-40
-68
-51
-34
-36
11
-33
-58
-89
-6
-164
-17
107
-6
98
63
-23
-68
-87
-34
-36
11
-33
-58
-89
-16
-109
13
50
-6
86
145
-59
-68
-38
-34
-36
11
-33
-58
-47
-16
-60
-7
52
-6
72
22
34
-68
-64
2
-36
11
-33
-58
-52
-16
-45
-34
56
-6
97
102
-59
-68
51
34
-36
11
7
-58
-89
-16
-74
60
10
-6
16
64
124
-68
23
52
-36
11
-26
-58
-89
-16
122
93
-148
-6
-63
-131
69
-68
-64
-34
-36
11
-33
-58
36
-16
220
72
-73
145
74
-131
100
-68
64
-34
-36
11
17
-58
2
-16
50
133
86
223
57
-131
-59
-68
55
-6
-36
11
-33
-58
-55
-16
-63
-30
162
-6
41
-105
-47
-68
-64
-34
-36
11
-33
-58
49
-16
-21
-40
50
-6
85
-51
-6
-68
-83
-34
-36
11
-33
-58
32
-16
-109
-32
130
25
169
-36
-59
-68
-92
-34
-36
11
-33
-58
25
27
-125
-50
119
-6
122
109
-59
-68
-42
-29
-36
11
-33
-58
64
27
-84
-50
125
-6
93
191
-59
-68
2
12
-36
11
-33
-58
110
-16
-37
-46
146
-6
107
142
-59
-68
19
153
-36
11
-33
-58
-33
5
-89
-30
93
-6
141
161
-59
-68
-16
-12
-36
11
-33
-58
-89
-16
-113
-18
-12
-6
82
-80
-2
-68
-157
-34
-36
11
-33
-58
97
-16
-167
-50
-257
-6
-173
-131
12
-68
-192
97
-36
11
-33
-58
-89
93
2
-50
-250
106
190
148
-59
-68
143
132
-36
171
-33
-58
-89
11
-167
-50
-55
-6
361
94
-59
-68
-31
-34
-36
11
-33
-58
-13
2
-167
-50
-242
-6
-172
123
-59
-68
-164
-34
-36
11
-33
-58
146
-16
18
-44
121
-6
103
159
-59
-68
114
20
-36
11
-33
-58
177
-9
-3
-50
158
-6
25
-76
-59
-68
-30
40
-36
11
-33
-58
58
-16
-111
-50
140
-6
161
-35
-59
-68
-169
-34
-36
11
-33
-58
-27
29
-146
-50
26
-6
168
68
-59
-68
-95
-34
-36
11
-33
-58
-26
28
-150
-50
108
-6
138
96
-59
-68
-69
-34
-36
11
-33
-58
-89
16
-167
-28
73
-6
149
148
-9
-68
-47
-34
-36
11
-33
-58
-89
-16
-148
-1
68
-6
72
12
8
-68
-102
-34
-36
11
-33
-58
-89
-16
-113
28
60
-6
77
200
-59
-68
17
-34
9
11
-33
-58
-89
-16
-105
21
102
-6
44
75
149
-68
47
-34
168
11
-33
-58
-89
-16
-52
74
-15
101
30
-111
255
-68
-59
-34
-36
11
-33
-58
-89
-16
11
94
-118
187
27
-131
67
-68
-103
-34
-36
11
-33
-58
-89
-12
0
196
45
160
88
101
-59
-68
33
-34
-36
11
-33
-58
-89
-16
-111
54
83
-6
29
104
-38
-68
-17
-34
-36
11
-33
-58
-45
-16
-72
-4
91
-6
51
-46
-10
-68
-123
-34
-36
11
-33
-58
-12
14
-114
-31
72
52
99
53
-59
-68
-103
-19
-36
11
-33
-58
6
21
-102
-50
96
-6
105
203
-59
-68
6
23
-36
11
-33
-58
51
-16
-37
-24
89
-6
74
199
-59
-68
5
151
-36
11
-33
-58
145
-16
62
-50
-2
-6
36
40
-59
-68
42
186
-36
11
-33
-58
180
-16
124
-26
243
-6
122
38
-59
-68
168
37
-36
11
-33
-58
17
-16
13
-10
181
174
57
-131
71
-68
-192
-34
-36
11
-33
-58
104
-16
-167
-50
-257
-6
-173
-131
-59
-68
-192
214
76
320
-33
-58
-89
86
-167
-50
-257
57
380
408
-59
-68
223
278
-36
117
-33
-58
-89
84
-167
-50
-257
178
428
363
-59
-68
-65
-34
-36
11
-33
-58
-89
-16
-167
-50
28
-6
-87
-131
-59
-68
-160
-34
-36
11
-33
-58
-89
-16
-84
-38
-57
-6
16
142
65
-68
-58
-34
-36
11
-33
-58
17
-16
48
53
25
-6
77
-56
-59
-68
17
-34
-36
11
-33
-58
168
-15
-17
-22
171
1
43
-25
-59
-68
-42
10
-36
11
-33
-58
53
8
-115
-50
153
-6
155
-32
-59
-68
-122
-34
-36
11
-33
-58
-11
41
-146
-50
60
-6
154
90
-59
-68
-85
-34
-36
11
-33
-58
-33
34
-161
-50
100
-6
147
105
-59
-68
-63
-34
-36
11
-33
-58
-29
33
-133
-50
125
-6
106
111
-59
-68
-46
-23
-36
11
-33
-58
-89
19
-124
1
72
-6
126
292
-59
-68
40
-34
-36
11
-33
-58
-89
-16
-94
22
60
-6
82
-3
108
-68
-92
-34
-36
11
-33
-58
-89
16
-110
-9
77
25
159
-16
124
-68
-44
-34
-36
11
-33
-58
-89
51
-66
50
114
148
29
-5
-37
-68
-59
-34
-36
11
-33
-58
-89
80
-60
58
-71
-6
89
243
-59
-68
52
-34
-36
11
-33
-58
-36
-16
-74
13
95
-6
82
124
-53
-68
20
-34
-36
11
-33
-58
40
-7
-39
-46
91
-6
125
11
9
-68
-89
-34
-36
11
-33
-58
12
46
-97
-26
56
33
131
13
-59
-68
-84
7
-36
11
-33
-58
-57
-6
-117
-48
73
-6
141
187
-59
-68
-9
-34
-36
11
-33
-58
-86
-16
-95
-22
8
-6
85
67
76
-68
-29
137
-36
11
55
-58
-89
-16
43
12
16
-6
7
27
-59
-68
60
-20
-36
11
23
-58
53
-16
140
120
-127
-6
9
-131
41
-68
-107
-34
-36
11
-33
53
201
-16
80
-50
-186
316
-128
-131
233
-68
-192
-34
-36
230
-33
-58
299
-16
-167
-50
-24
-6
-159
-131
-59
-68
-192
200
-36
11
-33
-58
-89
295
-167
-50
-257
16
456
56
-59
-68
589
239
-36
285
-33
-58
-89
155
-167
-50
62
188
337
400
-59
-68
-192
-34
-36
11
-33
-58
-89
19
-167
-50
-150
-6
35
-131
-59
-68
-192
-34
-36
11
49
-58
-89
66
-167
-50
-6
-6
1
-119
-9
-68
38
-34
-36
11
-33
-58
-89
-16
-59
74
112
-6
-30
187
-19
-68
46
-34
-36
11
-33
-58
45
-16
67
80
47
-6
35
47
-59
-68
27
-34
-36
11
-33
-58
113
-12
-61
-12
146
86
134
-21
-50
-68
-93
-6
-36
11
-33
-58
12
20
-134
-50
82
-6
171
10
-59
-68
-109
-34
-36
11
-33
-58
7
39
-140
-50
92
-6
140
93
-59
-68
-77
-34
-36
11
-33
-58
11
26
-115
-50
104
-6
119
161
-59
-68
-23
12
-36
11
-33
-58
-16
-16
-91
-33
66
-6
106
248
-59
-68
34
-34
-36
11
-33
-58
-8
-16
-59
-30
91
-6
89
-9
104
-68
-73
-34
-36
11
-33
-58
-6
-16
-61
-50
72
66
134
-97
-59
-68
-107
-34
-36
11
-33
-58
-13
25
-125
-3
96
-6
156
73
-59
-68
-70
-34
-36
11
-33
-58
-61
8
-140
-46
87
-6
145
169
-59
-68
-35
-34
-36
11
-33
-58
-69
-16
-91
-45
57
-6
72
122
-59
-68
2
-34
-36
11
-33
-58
60
-16
-40
-49
148
-6
59
17
-49
-68
-50
-1
-36
11
-33
-58
50
-7
-99
-26
152
22
158
30
-59
-68
-147
13
-36
11
-33
-58
-89
10
-167
-50
28
-6
200
150
-56
-68
-64
-34
-36
11
-33
-58
-89
-16
-159
-22
39
-6
77
14
45
-68
-58
43
269
11
-33
-58
-89
-16
-119
59
74
-6
74
283
29
-68
80
-34
193
11
33
-58
-89
-16
10
-50
-254
-6
-173
16
287
-68
-192
-34
-36
11
-33
-16
-7
-16
86
-50
-257
118
-173
-131
-59
-68
-192
-34
-36
276
-33
-58
245
165
-167
-50
177
30
395
-131
-59
-68
-103
132
-36
11
-33
-58
-89
200
-167
-50
-257
-6
246
294
-59
-68
392
72
-36
435
-33
-58
-67
244
-167
-50
-154
356
363
411
-59
-68
-192
-34
-36
11
-33
-58
-89
150
-167
-50
189
-6
-17
-14
-59
-68
-192
-34
49
11
-33
-58
-89
163
-167
-50
-177
-6
22
67
-59
-68
-192
-34
-36
11
-33
-58
-89
106
-167
20
-131
-6
5
29
-59
-68
195
-34
-36
11
-33
-58
0
-16
74
46
168
-6
-81
130
-59
-68
243
-8
-36
11
-33
-58
153
-16
101
3
178
56
-70
-131
-59
-68
7
-6
-36
11
-33
-58
17
-16
-95
-50
77
89
114
-131
-59
-68
-192
-34
-36
11
-33
-58
-30
-9
-143
-50
11
-6
160
36
-59
-68
-133
-34
-36
11
-33
-58
-41
12
-136
-50
100
-6
145
181
-59
-68
-27
-32
-36
11
-33
-58
-88
-16
-107
-29
21
-6
82
144
-37
-68
7
-34
-36
11
-33
-58
7
-16
-38
-22
41
-6
39
-100
83
-68
-90
-34
-36
11
-33
-58
25
-15
-69
-33
114
146
97
-81
-59
-68
-96
-34
-36
11
-33
-58
7
20
-137
-50
106
-6
125
63
-59
-68
-83
-34
-36
11
-33
-58
-70
28
-167
-49
92
-6
167
150
-41
-68
-45
-11
-36
11
-33
-58
-89
-16
-114
-11
57
-6
67
169
-59
-68
22
-34
-36
11
-33
-58
47
-16
39
31
54
-6
-18
92
-59
-68
22
-34
-36
11
-33
-58
163
-16
-1
-33
64
67
72
-58
-35
-68
-47
26
-36
11
-33
-58
-6
-16
-161
-50
140
13
194
-31
-59
-68
-110
-34
-36
11
-33
-58
-89
9
-154
-50
113
-6
144
47
-14
-68
-101
-34
346
11
-26
-58
-89
-16
-167
-50
-239
-6
-173
370
247
-68
-192
-34
-36
11
53
-58
-89
-16
-167
-50
-257
-6
-173
-76
3
-68
-192
-34
-36
11
63
-58
257
170
-167
-50
0
-6
85
-131
-59
-68
-192
-34
-36
11
-33
-58
-89
411
-167
-50
-257
-6
-2
-131
-59
-68
159
-34
-10
11
-33
-58
-89
113
-167
-50
-225
-6
4
-74
-59
-68
115
34
-36
455
-33
-58
149
244
-167
-50
-20
-6
364
55
-59
-68
-192
-34
-36
11
-33
-58
-89
139
-167
-50
50
-6
157
-4
-59
-68
-192
-34
-36
11
-33
-58
-89
289
-167
-50
237
-6
67
25
-59
-68
-192
-34
115
11
-33
-58
-89
176
-167
-50
-140
-6
68
26
-59
-68
-192
-34
22
11
-33
-58
-89
-16
-167
76
-257
-6
-47
-131
-59
-68
-54
-34
-36
11
-33
-58
71
-16
142
137
-25
-6
65
-120
-39
-68
179
-34
-36
11
-33
-58
182
53
81
159
205
24
-165
-131
-59
-68
107
15
-36
11
-33
-58
90
16
-78
-10
213
-6
60
-6
-59
-68
-92
15
-36
11
-33
-58
-62
22
-152
-50
41
-6
185
140
-59
-68
-83
-34
-36
11
-33
-58
-89
-16
-163
-38
39
-6
129
73
21
-68
-49
-34
-36
11
-33
-58
-35
-16
-41
-37
85
-6
-8
55
-59
-68
13
0
-36
11
-33
-58
126
44
9
37
191
-6
42
213
-59
-68
37
101
-36
11
-33
-58
78
47
-55
-5
90
-6
152
95
-59
-68
-128
35
-36
11
-33
-58
-44
29
-144
-50
-23
-6
195
61
-59
-68
-118
57
-36
11
-33
-58
-89
-16
-116
-36
62
-6
106
236
-59
-68
51
-28
-36
11
-33
-58
-49
-16
6
17
1
-6
-11
87
-47
-68
40
33
-36
11
-33
-58
84
-16
82
12
116
27
34
-131
16
-68
-98
-34
-36
11
-33
-58
55
-16
-84
-50
47
202
139
-97
-59
-68
-160
-34
-36
11
-33
-58
-3
-16
-167
-50
-113
37
-116
12
94
-68
-192
-34
-36
11
-33
-58
-89
-16
-167
-50
-257
-6
-173
218
-59
-68
-192
-34
-36
11
69
-58
-76
-16
-167
-50
335
-6
213
-131
-59
-68
-192
-34
-36
11
-33
-58
-89
106
-167
-50
-121
-6
287
-131
-59
-68
347
-34
-36
11
-33
-58
-89
4
-167
-50
-257
-6
-119
-131
-59
-68
-192
-34
-36
11
-33
-58
-89
124
-167
-50
-65
-6
78
-60
-59
-68
31
38
-36
473
-33
-58
190
246
-167
-50
6
6
341
26
-59
-68
-192
-34
-36
11
-33
-58
40
171
-167
-50
42
-6
175
-131
-59
-68
-192
-34
-36
11
-33
-58
-89
136
-167
-50
15
-6
154
-14
-59
-68
-192
-34
-36
11
-33
-58
-89
253
-167
-50
210
-6
94
131
-59
-68
-192
-34
280
11
-33
-58
-89
124
-167
-50
-149
-6
-2
-20
-59
-68
-192
-34
-36
11
-33
-58
-89
-16
-167
21
-222
-6
117
-93
64
-68
-44
-34
-36
11
-33
-58
-89
-16
126
245
-103
-6
146
142
-59
-68
236
-34
-36
11
-33
-58
202
-16
75
49
263
-6
31
58
-59
-68
185
132
-36
11
-33
-58
129
-16
-38
-50
202
-6
91
-39
-59
-68
-88
45
-36
11
-33
-58
-89
-16
-158
-50
66
-6
177
21
-59
-68
-165
76
-36
11
-33
-58
-89
-16
-31
-25
10
-6
65
153
-59
-68
-32
-34
-36
11
-33
-58
104
-16
80
-21
-106
-6
26
58
-59
-68
30
22
-36
11
-33
-58
260
-16
77
-50
101
-6
86
-126
-59
-68
77
116
-36
11
-33
-58
191
-16
-43
-50
306
-6
106
-37
-59
-68
-80
197
-36
11
-33
-58
-89
-16
-109
-26
33
-6
206
213
-39
-68
-44
-10
-36
11
-33
-58
-89
-16
-46
-17
-44
-6
92
-70
112
-68
-88
-34
-36
11
-33
-58
-29
-16
47
3
-54
-1
78
-131
23
-68
0
-34
-36
11
-33
-58
103
-16
-5
-50
21
175
-173
-131
-59
-68
-192
-34
-36
143
-33
-58
-4
-16
-167
-50
-257
-6
-173
-131
-59
-68
-192
-34
-36
221
-33
-58
144
52
-167
-50
195
-6
268
-131
-59
-68
-192
-34
-36
11
-33
-58
-89
186
-167
-50
-83
-6
357
-131
-59
-68
471
-34
-36
11
-33
-58
-89
-16
-167
-50
-257
-6
-51
-131
-59
-68
-192
-34
-36
11
-33
-58
180
30
-167
-50
232
-6
-140
-131
-59
-68
-192
-34
-36
11
-33
-58
-89
176
-167
-50
-114
-6
166
189
-59
-68
39
38
-36
473
-33
-58
190
246
-167
-50
6
6
341
26
-59
-68
-192
-34
-36
11
-33
-58
68
170
-167
-50
65
-6
163
-131
-59
-68
-192
-34
-36
11
-33
-58
41
173
-167
-50
40
-6
174
-131
-59
-68
-192
-34
-36
11
-33
-58
-89
125
-167
-50
-14
-6
164
31
-59
-68
-192
-34
-36
11
-33
-58
-89
268
-167
-50
323
-6
95
39
-59
-68
-192
-34
270
11
-33
-58
-89
252
-167
-50
-213
-6
-137
-2
-59
-68
-192
-34
-36
56
-33
-58
-89
141
-167
108
-257
-6
43
-131
-59
-68
-85
-34
-36
11
-33
-58
-85
-16
-65
89
-257
-6
-87
-131
157
-68
-35
-34
-36
11
34
-58
83
-16
52
-48
56
-6
56
-131
-59
-68
234
-34
-36
11
-33
-58
193
-16
-20
57
391
-6
-124
-63
-59
-68
41
62
-36
11
-33
-58
-89
-16
-167
-30
113
-6
193
91
40
-68
-111
72
-36
11
-33
-58
-89
-16
-87
3
-75
-6
-13
47
-59
-68
23
91
-36
11
-33
-58
39
-16
156
126
153
-6
-111
168
-59
-68
76
105
-36
11
-33
-58
202
-16
144
40
24
-6
53
-7
-52
-68
-19
110
-36
11
0
-58
-38
-16
-107
-50
22
200
245
-131
130
-68
-192
-34
-36
11
41
-58
-89
-16
-167
-50
-121
2
-117
-131
82
-68
-192
-34
135
11
-33
-58
-89
-16
-55
-50
-257
-3
-173
-131
-59
-68
-192
-34
-36
11
-33
-58
60
-16
-167
-50
-257
-6
-173
-131
-59
-68
-192
-34
-36
11
-33
-58
322
345
-167
-50
44
-6
93
-131
-59
-68
-192
-34
-36
11
-33
-58
-41
410
-167
-50
-146
-6
24
-131
-59
-68
200
-34
-36
11
-33
-58
-89
81
-167
-50
-228
-6
67
-131
-59
-68
-192
-34
-36
11
-33
-58
124
99
-167
-50
150
-6
17
-131
-59
-68
-192
-34
-36
11
-33
-58
68
170
-167
-50
65
-6
163
-131
-59
-68
-192
-34
-36
11
-33
-58
-89
176
-167
-50
-114
-6
166
189
-59
-68
39
249
-36
298
-33
-58
409
225
-167
-50
161
-6
326
258
-59
-68
97
86
-36
99
-33
-58
202
94
-167
-50
46
-6
246
107
-59
-68
-1
86
-36
99
-33
-58
202
94
-167
-50
46
-6
246
107
-59
-68
-1
85
-36
98
-33
-58
168
94
-167
-50
21
-6
263
131
-59
-68
17
78
-36
11
-33
-58
0
74
-167
-50
-28
-6
229
406
-59
-68
-116
-34
-36
11
-33
-58
-89
100
-167
-50
299
-6
173
306
-59
-68
-143
-5
-36
11
-33
-58
-89
172
-167
-14
-95
-6
212
689
-59
-68
93
-34
-36
309
-33
-58
-89
169
-167
131
-257
-6
-140
261
-59
-68
-144
-20
-36
511
-33
-58
-89
-16
-54
239
-220
-6
12
270
-59
-68
-72
-34
-36
11
-33
-58
-89
-13
47
224
-257
-6
34
152
-59
-68
24
-34
-36
11
-33
-58
25
-16
-105
-10
-73
-6
-24
-84
32
-68
-27
93
-14
11
2
-58
-89
-16
-44
4
11
-6
12
-54
19
-68
-35
-34
-36
11
140
-58
-89
-16
56
41
-257
-6
-31
-44
166
-68
-20
-34
-36
11
299
-58
-18
-16
49
42
-208
40
-66
-131
185
-68
-113
-34
-36
11
-33
-58
54
-7
-94
10
94
351
-17
-131
36
-68
-74
-34
-36
11
-33
-58
-40
24
-167
-5
-91
137
-50
-16
-59
-68
-192
-34
-36
30
-33
-58
-89
67
-167
-41
104
-6
211
539
-59
-68
-140
-34
-36
11
-33
-58
-89
-16
-167
-50
170
-6
131
380
-59
-68
16
146
-36
11
-33
-58
-89
0
-167
-50
-60
-6
510
585
-59
-68
546
-34
-36
11
-33
-58
-89
-16
-167
-50
-233
-6
100
38
-59
-68
95
17
-36
11
-33
-58
226
63
-167
-50
82
-6
183
-48
-59
-68
-10
86
-36
99
-33
-58
202
94
-167
-50
46
-6
246
107
-59
-68
-1
86
-36
99
-33
-58
202
94
-167
-50
46
-6
246
107
-59
-68
-1
298
-36
13
-33
-58
-89
58
-167
-50
-92
-6
237
465
-59
-68
93
