-11
-9
173
-24
-6
267
-2
-9
-6
-5
-10
-7
13
-112
-8
-1
49
-8
-36
-16
-2
-4
-4
-7
-8
-43
-4
-66
182
-28
-79
-120
-11
-9
-5
-24
-6
-9
-2
-9
-6
-5
-10
-7
-29
-3
-139
-1
-52
-8
-122
-16
-2
-4
-4
-7
-8
138
-4
-66
-15
-70
-3
-120
271
-9
-5
-24
-6
-9
-2
-9
46
-5
120
-7
212
31
5
-1
-70
-8
65
-16
-2
-4
-4
-7
-8
-39
-4
-66
-15
-91
-30
-120
46
-9
-5
-24
-6
-9
-2
-9
-6
-5
-10
-7
20
-27
9
-1
-77
-8
-23
-16
-2
-4
-4
-7
-8
-147
-4
-66
-10
-91
66
-120
-11
-9
-5
-24
-6
-9
-2
-9
-6
-5
-10
-7
-65
-9
-77
-1
-30
-8
8
-16
-2
-4
-4
-7
-8
-90
-4
25
-15
-17
-33
-56
-11
-9
-5
-15
-6
-9
-2
-9
-6
-5
-10
-7
-70
-31
-54
-1
-75
-8
-56
-16
-2
-4
-4
-7
-8
-72
-4
6
-15
-33
-44
-24
-11
-9
-5
-12
-6
-9
-2
-9
-6
-5
-10
-7
-32
-12
-52
-1
-26
-8
-89
-16
-2
-4
-4
-7
-8
-112
-4
-66
-15
-44
-66
-72
-11
-9
-5
-24
-6
-9
22
-9
-6
-5
-10
-7
27
-80
-27
-1
-83
-8
-122
-16
-2
-4
-4
-7
-8
-78
-4
-57
-15
-47
-14
-76
-11
-9
-5
-24
-6
-9
-2
-9
-6
-5
-10
-7
-9
-110
-26
57
-100
-8
-57
-16
-2
-4
-4
-7
-8
-22
-4
-66
15
-40
-88
-81
-11
-9
-5
-24
-6
-9
-2
-9
-6
-5
20
-7
-11
-91
-121
-1
-69
-8
-35
-16
-2
-4
-4
-7
-8
-13
-4
-52
28
-44
-65
-59
-11
-9
-5
-24
-6
-9
-2
-9
-6
-5
146
-7
-43
-29
-124
-1
-61
-8
-56
43
-2
-4
-4
-7
-8
23
-4
-24
21
-24
-3
-63
-11
-9
-5
-24
-6
-9
-2
-9
-6
-5
111
-7
-7
-30
-103
-1
-76
-8
-96
-5
-2
-4
-4
-7
-8
-19
-4
-13
-15
-91
-41
-63
82
-9
439
-24
-6
349
-2
-9
-6
-5
-10
-7
-79
-112
-87
-1
48
-8
-122
77
-2
-4
-4
-7
-8
77
-4
-11
-15
8
-57
-120
-11
-9
-5
13
-6
-9
-2
-9
-6
-5
-10
-7
-46
-112
-153
-1
-33
-8
-122
-16
-2
-4
60
-7
-8
-57
-4
-66
-15
-91
-14
-120
11
-9
-5
92
81
-9
-2
-9
117
74
-10
-7
51
-112
-153
-1
-100
143
-110
-16
-2
-4
-4
-7
-8
-147
-4
-66
-15
-35
135
-120
-11
0
-5
-8
-6
-9
-2
-9
-6
0
-10
-7
-79
-112
-21
-1
-96
-8
-122
45
-2
-4
-4
-7
-8
-93
-4
-66
-15
15
-104
-101
-11
-9
-5
-17
-6
-9
-2
-9
-6
-5
-10
-7
-22
-33
-46
-1
-63
-8
-27
-16
-2
-4
-4
-7
-8
-62
-4
-66
-15
-54
31
-44
-11
-9
-5
-24
-6
-9
-2
-9
-6
-5
-10
-7
-25
-5
-57
-1
7
-8
-32
-16
-2
-4
-4
-7
-8
-61
-4
-42
-15
-89
4
-113
-11
-9
-5
-24
-6
32
-2
-9
-6
-5
-10
-7
-10
-41
-65
-1
29
-8
55
-16
-2
-4
-4
-7
-8
-29
-4
-54
-15
-91
16
-44
-11
-9
-5
-24
-6
-9
-2
-9
-6
-5
-10
-7
-7
-5
-19
-1
-70
-8
5
-16
-2
-4
-4
-7
-8
-15
-4
5
-15
-11
-27
-81
-11
-9
-5
-24
-6
-9
-2
-9
-6
-5
-10
-7
18
-11
12
-1
-21
-8
-1
-16
-2
-4
-4
-7
-8
-69
-4
-66
-15
-47
2
7
-11
-9
-5
-24
-6
-9
-2
-9
-6
-5
-10
-7
-8
-55
40
-1
-71
-8
-86
-16
-2
-4
-4
-7
-8
33
-4
-66
-15
-76
-98
-120
-11
-9
-5
-24
-6
-9
-2
-9
-6
-5
-10
-7
-15
-105
-81
-1
-68
-8
-91
-16
-2
-4
-4
-7
-8
4
-4
17
-15
-24
-91
-93
-11
-9
-5
-24
-6
-9
-2
-9
-6
-5
183
-7
11
-112
-153
-1
-14
-8
-74
-16
-2
-4
-4
-7
-8
-91
-4
17
-15
-91
-72
-70
40
8
98
-24
-6
160
-2
-9
-6
-5
-10
92
-79
-112
-153
-1
17
-8
-122
-16
-2
-4
-4
-7
-8
-90
-4
-4
-15
-34
-104
-120
-11
-9
-5
17
215
-9
-2
32
-6
-5
-10
290
-62
-78
-153
-1
52
-8
-122
-16
-2
-4
-4
-7
-8
-147
254
-66
-15
-91
141
49
-11
-9
-5
65
-6
-9
-2
160
-6
165
-10
-7
-79
-11
-63
-1
-100
-8
-38
-16
-2
-4
-4
-7
-8
-147
-4
-66
-15
59
-76
-62
-11
-2
-5
-24
-6
7
-2
-9
-6
124
-10
-7
16
-105
-61
-1
-100
-8
-26
-16
-2
-4
-4
-7
-8
-85
-4
-66
-15
-48
-65
-51
-11
-9
-5
-24
-6
12
-2
-9
-6
-5
-10
-7
-12
-52
-20
-1
-1
-8
13
-16
-2
-4
-4
-7
-8
-51
-4
-5
-15
-27
-52
-48
-11
-9
-5
-24
-6
-9
-2
-9
-6
-5
-10
-7
-46
-37
-27
-1
-17
-8
-2
-16
-2
-4
-4
-7
-8
-22
-4
-33
-15
-35
-58
-19
-11
-9
-5
-22
-6
-9
-2
-9
-6
-5
-10
-7
-65
-35
-13
-1
-63
-8
-1
-16
-2
-4
-4
-7
-8
-17
-4
-32
-15
-17
-49
1
-11
-9
-5
-9
-6
-9
-2
-9
-6
-5
-10
-7
-24
23
-62
-1
-40
-8
-22
-16
-2
-4
-4
-7
-8
-41
-4
-60
-15
-56
18
-75
-11
-9
-5
-24
-6
-9
-2
-9
-6
-5
-10
-7
-42
-49
-76
-1
-25
-8
-34
-16
-2
-4
-4
-7
-8
-67
-4
-66
-15
-36
31
-120
-11
-9
-5
-24
-6
-9
-2
-9
-6
-5
-10
-7
-7
-65
-62
-1
-11
-8
-59
-16
-2
-4
-4
-7
-8
-63
-4
-66
-15
1
-71
-119
-11
-9
-5
-24
-6
-9
-2
-9
-6
-5
-10
-7
-20
-35
13
-1
-64
-8
-9
-16
-2
-4
-4
-7
-8
-14
-4
-66
-15
-28
-73
-112
-11
-9
-5
-24
-6
-9
-2
-9
-6
-5
-10
-7
-15
-39
-139
-1
-77
-8
-32
-16
-2
-4
-4
-7
-8
17
-4
1
-15
1
-72
-96
-11
31
-5
-24
-6
-9
-2
-9
-6
-5
-10
-7
24
-112
-28
-1
27
-8
-122
-16
-2
-4
-4
-7
-8
-147
-4
61
-15
-91
-18
-113
-11
-9
-5
-24
-6
-9
-2
126
-6
-5
-10
70
-79
29
-153
-1
6
-8
-61
-5
-2
-4
-4
-7
-8
-147
-4
-66
-15
-38
79
-6
-11
45
-5
-17
-6
17
-2
253
-6
-5
-10
-7
-26
13
-80
-1
19
-8
15
-16
-2
-4
-4
-7
-8
34
-4
-66
-15
-36
-2
94
-11
-9
-5
-24
-6
0
-2
-7
-6
-5
-10
-7
-15
-81
-26
-1
-87
-8
7
-16
-2
-4
-4
-7
-8
34
-4
-44
-15
-84
-26
-84
-11
-9
-5
-2
-6
-9
-2
-9
-6
-5
-10
-7
-59
-60
-43
-1
-43
-8
-31
-16
-2
-4
-4
-7
-8
-22
-4
-19
-15
-41
-48
-67
-11
-9
-5
23
-6
-9
-2
-9
-6
-5
-10
-7
-40
-11
-54
-1
-56
-8
-51
-16
-2
-4
-4
-7
-6
-58
-4
-49
-15
-25
12
-53
-11
-9
-5
28
-6
-9
-2
-9
-6
-5
-10
-7
-43
-3
-32
-1
-41
-8
-93
-16
-2
-4
-4
-7
-8
-78
-4
-41
-15
-29
-28
-100
-11
-9
-5
-2
-6
-9
-2
-9
-6
-5
-10
-7
-15
-46
-55
-1
0
-8
-21
-16
-2
-4
-4
-7
-8
-84
-4
-54
-15
-36
-65
-42
-11
-9
-5
-23
-6
-9
-2
-9
-6
-5
-10
-7
-44
-7
-45
-1
-83
-8
-30
-16
-2
-4
-4
-7
-8
-53
-4
-45
-15
-48
-5
-54
-11
-9
-5
-24
-6
-9
-2
-9
-6
-5
-10
-7
-21
-57
-11
-1
-34
-8
10
-16
-2
-4
-4
-7
-8
-55
-4
-60
-15
-68
-33
-120
-11
-9
-5
-24
-6
-9
-2
-9
-6
-5
-10
-7
-28
-109
45
-1
-70
-8
17
-16
-2
-4
-4
-7
-8
-19
-4
-66
-15
-4
-90
-78
-11
-9
-5
-24
-6
-9
-2
-9
-6
-5
-10
-7
-4
-39
-108
-1
7
-8
-36
113
-2
-4
-4
-7
-8
-82
-4
-23
-15
-54
-32
-89
-11
-9
-5
-3
-6
-9
-2
-9
-6
-5
-10
-7
-6
2
-30
-1
19
-8
-64
-16
-2
-4
-4
-7
-8
-124
9
-32
-15
-63
-3
-120
-11
-9
-5
-24
-6
-9
-2
-9
-6
-5
-10
-7
-79
-23
-96
-1
-56
-8
-103
-16
-2
-4
-4
-7
-8
-51
-4
-66
-15
-31
32
-35
-11
-9
-5
-12
-6
-9
-2
-9
-6
-5
-10
-7
-7
-3
-61
-1
-69
-8
-45
-16
-2
-4
-4
-7
-8
-10
-4
-31
-15
-91
16
-76
-11
-9
-5
11
-6
-9
-2
-9
-6
-5
-10
-7
-68
-24
-56
-1
-69
-8
-52
-16
-2
-4
-4
-7
-8
-74
-4
-16
-15
-46
-22
-22
-11
-9
-5
9
-6
-9
-2
-9
-6
-5
-10
-7
-73
-31
-21
-1
-68
-8
-23
-16
-2
-4
-4
-7
-8
-118
-4
-33
-15
-43
-16
5
-11
-9
-5
-24
-6
-9
-2
-9
-6
-5
-10
-7
-60
-32
-36
-1
-10
-8
-25
-16
-2
-4
-4
-7
-8
-92
-4
-32
-15
-6
-39
-31
-11
-9
-5
-24
-6
-9
-2
-9
-6
-5
-10
-7
-54
-54
-36
-1
-11
-8
-24
-16
-2
-4
-4
-7
-8
-50
-4
-25
-15
-51
-61
-27
-11
-3
-5
-24
-6
-9
-2
-9
-6
-5
-10
-7
3
20
-48
-1
-34
-8
-7
-16
-2
-4
-4
-7
-8
-63
-4
-53
-15
-46
-45
-19
-11
-9
-5
-24
-6
-9
-2
-9
-6
-5
-10
-7
-36
-20
-25
-1
-35
-8
-24
-16
-2
-4
-4
-7
-8
-60
-4
-30
-15
-43
-28
-79
-11
-9
-5
-24
-6
-9
-2
-9
-6
-5
-10
-7
-30
-24
-42
-1
-7
-8
27
-16
-2
-4
-4
-7
-8
-45
-4
-6
-15
-40
-40
-74
-11
-9
-5
-24
-6
-9
-2
-9
-6
-5
-10
-7
-35
-112
-45
-1
-54
-8
-34
-16
-2
-4
-4
-7
-8
-2
-4
-66
-15
49
-88
-120
-11
-9
-5
-24
-6
80
-2
-9
-6
-5
-10
-7
-7
40
-28
-1
-19
-8
-122
115
-2
-4
-4
-7
-8
-82
-4
16
-15
-6
-41
-5
-11
-9
-5
2
-6
-9
-2
-9
-6
-5
-10
-7
-6
-84
-46
-1
-70
-8
-70
-16
-2
-4
-4
-7
-8
-91
-4
-56
-15
-13
-38
-37
-11
-9
-5
6
-6
-9
-2
-9
-6
-5
-10
-7
-79
-36
-74
-1
-83
-8
-59
-16
-2
-4
-4
-7
-8
-35
-4
-66
-15
-47
-61
-59
-11
-9
-5
12
-6
-9
-2
-9
-6
-5
-10
-7
-1
-37
-74
-1
-40
-8
-55
-16
-2
-4
-4
-7
-8
-94
-4
-8
-15
-67
-30
-14
-11
-9
-5
-17
-6
-9
-2
-9
-6
-5
-10
-7
-20
-39
-46
-1
-17
-8
-36
-16
-2
-4
-4
1
-8
-110
-4
-49
-15
-68
-63
-50
-11
-9
-5
-24
-6
-9
-2
-9
-6
-5
-10
-7
-36
-69
-41
-1
-43
-8
-14
28
-2
-4
-4
-7
-8
-35
-4
-47
-14
-28
-63
-31
-11
-9
-5
-24
-6
-9
-2
-9
-6
-5
-10
-7
-29
-30
-37
-1
-83
-8
-31
-16
-2
-4
-4
-7
-8
-11
-4
-54
-15
-49
-55
-44
-8
-9
-5
-16
-6
-9
-2
-9
-6
-5
-10
-7
1
-12
-39
-1
-86
-8
-36
-16
-2
-4
-4
-7
-8
-41
-4
-33
-15
-68
-17
-41
-11
-9
-5
-7
-6
-9
-2
-9
-6
-5
-10
-7
-38
-35
-36
-1
-23
-8
-42
-16
-2
-4
-4
-7
-8
-44
-4
-54
-15
-58
-21
-58
-11
-9
-5
13
-6
-9
-2
-9
-6
-5
-10
-7
-39
-35
-54
-1
-28
-8
-36
-16
-2
-4
-4
-7
-8
-51
-4
-16
-15
-46
-52
-91
-11
-9
-5
-4
-6
-9
-2
-9
-6
-5
-10
-7
-31
11
-53
-1
-33
-8
-36
-16
-2
-4
-4
-7
-8
-53
-4
-13
-15
-46
-13
-66
-11
-9
-5
-24
-6
-9
-2
-9
-6
-5
-10
-7
-39
-76
-28
-1
-79
-8
-96
-16
-2
-4
-4
-7
-8
-24
-4
-66
-15
-35
-72
-100
-11
-9
-5
10
-6
-9
-2
-9
-6
-5
-10
-7
18
-18
37
-1
-50
-8
-44
-16
-2
-4
-4
-7
-8
-69
-4
-66
-15
-91
-46
-94
-11
-9
-5
-15
-6
-9
-2
-9
-6
-5
-5
-7
-76
-108
-93
-1
-5
-8
-35
-16
-2
6
-4
-7
-8
-114
-4
-7
-15
-41
-84
-120
-11
-9
-5
-24
-6
-9
-2
-9
-6
-5
-10
-7
0
-67
-97
-1
-52
-8
-108
-16
-2
-4
-4
-7
-8
-86
-4
-44
32
-59
-68
-23
-11
-9
-5
-19
-6
-9
-2
-9
-6
-5
-10
-7
-18
-7
-52
-1
-19
-8
-33
-9
-2
-4
-4
-7
-8
-28
-4
13
-15
-48
-66
-50
-11
-9
-5
-19
-6
-9
-2
-9
-6
-5
-10
-7
14
-38
-37
-1
-55
-8
-34
-16
-2
-4
0
-7
-8
-50
-4
-5
-15
-44
-63
-39
-11
-9
-5
-24
-6
-9
-2
-9
-6
-5
-10
-7
-13
-25
-33
-1
-66
-8
18
-16
-2
-4
-4
-7
-8
-67
-4
-37
-15
-45
-42
-39
-11
-9
-5
-22
-6
-9
-2
-9
-6
-5
-10
-7
-9
-51
-84
-1
-51
-8
-12
-16
-2
-4
-4
-7
-8
-64
-4
-44
-15
-71
-29
-81
-11
-9
-5
-9
-6
-9
-2
-9
12
-5
-10
-7
-49
-13
-39
-1
-59
10
-38
-16
-2
-4
-4
-7
-8
-105
-4
-66
-15
-61
-51
-82
-11
-6
-5
-18
-6
-9
-2
-9
-6
-5
-10
-7
-72
-23
-23
-1
-19
-8
-43
-16
-2
-4
-4
-7
-8
-92
-4
-66
-15
-26
-58
-78
-11
2
-5
-24
-6
-9
-2
-9
-6
-5
-10
-7
-30
-21
-49
-1
-45
-8
-17
-16
-2
-4
-4
-7
-8
-60
-4
-14
-15
-23
-38
-24
-11
-9
-5
-16
-6
-9
-2
-9
-6
-5
-10
-7
-15
-17
-48
-1
-10
-8
-44
-16
-2
-4
-4
-7
-8
-64
-4
-7
-15
-35
-56
-15
-11
-9
-5
-24
-6
-9
-2
-9
-6
-5
-10
-7
-43
-95
-96
-1
-63
-8
-44
-16
-2
-4
-4
-7
-8
-79
-4
-66
-15
-25
-89
-59
-11
-9
-5
-7
-6
-9
-2
-9
-6
-5
-10
-7
-22
-80
-77
-1
10
-8
-23
-16
-2
-4
-4
-7
-8
-120
43
-17
-15
-58
-32
-16
-11
-9
-5
-24
-6
-9
-2
-9
-6
-5
-10
-7
-22
-31
-34
-1
6
-8
-5
-3
-2
-4
-4
-7
-8
-71
-4
-4
-15
-41
-10
-66
-11
-9
-5
-24
-6
-9
-2
-9
-6
-5
-2
-7
-31
-31
-31
-1
-32
-8
0
-16
-2
-4
-4
-7
-8
6
-4
-51
-15
-48
-32
-14
-11
-9
-5
-24
-6
-9
-2
-9
-6
-5
-10
-7
-34
20
-49
-1
-32
-8
-26
-16
-2
-4
-4
-7
-8
-38
-4
-22
-15
-51
-34
-49
-11
-2
-5
-17
-6
-9
-2
-9
-6
-5
-10
-7
-13
0
-67
-1
-17
-8
-40
-16
-2
-4
-4
-7
-8
-41
-4
8
-15
-45
-33
-44
-11
-9
9
8
-6
-9
-2
-9
-6
-5
-10
-7
-19
-51
-39
-1
-6
-8
-38
-16
-2
-4
-4
-7
-8
-55
-4
28
-15
-40
-82
-27
-11
-9
-5
28
-6
-9
-2
-9
-6
-5
-10
-7
-39
-33
-71
-1
-66
-8
-56
-16
-2
-4
4
-7
-8
-67
-4
-12
-15
-46
-59
-73
-11
-9
-5
36
-6
-9
-2
-9
-6
-5
-10
-7
-47
-69
-48
-1
-84
-8
-99
-16
-2
-4
-4
-7
-8
-127
-4
-66
-15
-54
-49
-32
-11
-4
-5
-18
-6
-9
-2
-9
-6
-5
-10
-7
-24
-71
-23
-1
-14
-8
-37
15
-2
-4
-4
-7
-8
-97
-4
-60
-15
-45
-55
-45
-11
-9
-5
-24
-6
-9
-2
-9
-6
-5
-10
-7
-10
-48
-36
-1
-27
-8
13
-16
-2
-4
-4
-7
-8
-18
-4
-15
-15
-42
-34
-82
-11
-9
-5
-24
-6
-9
-2
-9
-6
-5
-10
-7
-12
-47
-67
-1
-27
-8
49
-16
-2
-4
-4
-7
-8
-11
-4
8
-15
-53
-57
-90
-11
-9
-5
-24
-6
-9
-2
-9
-1
-5
-10
-7
-57
-100
-71
-1
-66
-8
-38
-16
-2
-1
-4
-7
-8
-58
-4
-66
32
-11
-90
-22
-11
-9
-5
-24
-6
-9
-2
-9
-6
-5
-10
-7
-79
-50
-137
-1
-8
-8
-122
2
-2
-4
-4
-7
-8
-38
-4
14
-15
-16
-36
-71
-11
-9
-5
13
-6
-3
-2
-9
-6
-5
-10
-7
-44
-112
-6
-1
-38
-8
45
-16
-2
-4
-4
-7
-8
-88
-4
52
-15
-21
-58
-19
-11
-9
-5
-24
-6
-9
-2
-9
-6
-5
-10
-7
-14
-60
-84
-1
-58
-8
-67
-16
-2
-4
-4
-7
-8
-16
-4
-27
-15
-8
-49
2
-11
-9
-5
-24
-6
-9
-2
-9
-6
-5
-10
-7
-44
-47
-52
-1
-44
-8
-49
-16
-2
-4
-4
-7
-8
-56
-4
-48
-15
-52
-57
-38
-11
-9
-5
-24
-6
-9
-2
-9
-6
-5
-10
-7
-31
-3
-78
-1
-3
-8
4
7
-2
-4
-4
-7
-8
-56
-4
-56
-15
-46
-37
-59
-11
-9
-5
5
-6
-9
-2
-9
-6
-5
-10
-7
-27
10
-62
-1
-23
-8
-81
-16
-2
-4
-4
77
-8
-50
-4
42
-15
-58
-61
-41
-11
-9
-5
24
-6
-9
-2
-9
-6
-5
-10
-7
9
54
-25
-1
-29
-8
-74
-16
-2
-4
-4
-7
-8
-110
-4
-44
59
-46
-54
-27
-11
13
-5
8
-6
-9
-2
-9
-6
-5
-10
-7
-48
-25
-42
-1
-63
-8
-34
8
-2
-4
-4
-7
-8
-74
-4
-27
-15
-24
-44
-67
-11
-9
-5
-24
-6
-9
-2
-9
-6
53
-10
-7
1
-29
14
-1
-66
-8
1
-16
-2
-4
-4
-7
-8
-16
-4
-6
-15
-23
-47
-46
-11
-9
31
-24
-6
-9
-2
-9
-6
-5
-10
-7
-30
-68
-14
-1
-19
-8
10
-16
-2
-4
-4
-7
-8
-31
-4
31
-15
-5
-80
-24
-11
-9
-5
-22
-6
-9
-2
-9
-6
-5
-10
-7
-79
8
-58
-1
-14
-8
-29
-16
-2
-4
-2
-7
-8
29
-4
31
-15
-55
-44
-114
-11
-9
-5
-24
-6
-9
-2
-9
-6
-5
-10
-7
-79
-112
-56
-1
-21
-8
-112
-16
-2
-4
-4
-7
-8
-53
-4
-66
-15
-9
-104
-86
-11
-9
-5
-24
-6
-9
-2
-9
-6
-5
-10
-7
-38
-106
-56
-1
-29
-8
-122
32
-2
-4
-4
-7
-8
-69
-4
16
-15
-76
-43
-57
43
-9
-5
-9
-6
-9
-2
-9
-6
-5
-10
-7
-79
-65
-29
-1
-23
-8
-36
62
-2
-4
-4
-7
-8
-21
-4
24
-15
3
-74
-120
-11
-9
-5
-24
-6
-9
-2
-9
-6
-5
-10
-7
25
-71
-41
-1
-9
-8
-62
-16
-2
-4
-4
-7
-8
-58
-4
5
-15
-41
-4
-46
-11
-9
-5
-24
-6
-9
-2
-9
-6
-5
-10
-7
-4
-62
-63
148
-74
-8
-63
-16
-2
-4
-4
-7
-8
-19
-4
-2
-15
-36
-84
-50
-11
-9
-5
-24
-6
-9
-2
-9
-6
-5
-10
-7
-15
-25
-67
-1
-64
-8
-43
32
-2
-4
-4
-7
-8
-67
-4
-58
-15
-34
-63
-74
-11
-9
-5
-24
-6
112
-2
-9
-6
-5
26
-7
-29
-24
-40
-1
-31
-8
-5
14
-2
-4
-4
-7
-8
-33
-4
-13
-15
-67
-61
-91
-11
-9
-5
-24
-6
-9
-2
-9
-6
-5
-10
-7
-5
-7
-50
-1
-13
-8
18
-16
-2
-4
-4
-7
-8
-64
-4
-34
-15
-74
-14
11
-11
-9
-5
-24
-6
55
-2
-9
-6
-5
-10
-7
-28
-15
-6
-1
-21
-8
7
-16
-2
-4
-4
-7
-8
-6
-4
-10
-15
-41
-52
-16
-11
-9
-5
-24
-6
-9
-2
-9
-6
-5
-10
-7
-31
-29
-44
-1
-49
-8
-15
-16
-2
-4
-4
-7
-8
14
-4
-24
-15
-70
-25
-58
-11
5
-5
-9
-6
-9
-2
-9
-6
-5
-10
-7
-79
13
-10
-1
-36
-8
-39
-16
-2
-4
-4
-7
-8
-24
-4
-52
-15
-23
-56
-21
-11
-9
-5
-17
-6
-9
-2
-9
-6
-5
-10
-7
0
-112
-60
-1
-31
-8
-122
-16
-2
-4
-4
53
-8
-67
-4
-1
-15
-34
-49
-53
-11
-9
-5
-24
-6
-9
-2
-9
-6
-5
-10
-7
-79
-89
-138
-1
-100
-8
-92
-16
-2
-4
-4
-7
-8
18
-4
-66
-15
73
-84
-3
-11
-9
-5
-24
-6
-9
-2
-9
-6
-5
-10
-7
9
-11
42
-1
-89
-8
9
-16
-2
-4
-4
-7
-8
11
-4
-66
-15
-83
-28
-44
-11
-9
-5
-24
-6
-9
-2
-9
-6
-5
-10
-7
-79
-101
-46
-1
-15
-8
-37
-16
-2
-4
-4
-7
-8
11
-4
1
-15
-29
-90
-88
-11
-9
-5
-24
-6
-9
-2
-9
-6
-5
0
-7
15
-98
-95
-1
-9
-8
-64
-16
-2
-4
-4
-7
-8
-17
-4
-8
-15
-29
-48
14
-11
-9
-5
-24
-6
-9
-2
-9
-6
-5
-10
-7
-11
-8
24
-1
10
-8
20
-16
-2
-4
-4
-7
-8
-13
-4
18
11
-39
-20
3
-11
-9
-5
-6
-6
-9
-2
-9
-6
-5
-10
-7
-40
-112
-67
-1
-62
-8
18
-16
-2
-4
-4
-7
-8
-47
-4
-28
-15
-45
-62
-3
-11
-9
-5
-24
-6
-9
-2
-9
8
-5
-10
-7
-10
-112
-67
-1
-14
-8
10
-16
-2
-4
-4
-7
-8
-84
-4
-7
-15
-35
-55
32
-11
-9
-5
-24
-6
-9
-2
-9
-6
-5
-10
-7
-43
-65
-76
-1
-56
-8
3
-16
-2
-4
-4
-7
-8
-34
-4
-43
-15
-50
-12
-80
-11
-9
-5
-11
-6
-9
-2
-9
-6
-5
-10
-7
-46
-26
-27
-1
-17
-8
-50
-16
-2
-4
-4
-7
-8
3
-4
-32
-15
-56
-49
-77
-11
-9
-5
5
-6
-9
-2
-9
-6
-5
-10
-7
-8
-14
-36
-1
-20
25
-40
-2
-2
-4
-4
-7
-8
-98
-4
-18
-15
-44
18
-13
-11
-9
-5
-24
-6
11
-2
-9
-6
-5
-10
-7
-79
-112
48
-1
-15
-8
-35
-16
-2
-4
-4
-7
-8
-30
-4
9
28
20
-16
-19
-11
52
-5
-24
-6
-9
-2
-9
-6
-5
-10
-7
-9
3
-73
-1
79
-8
-114
-16
-2
-4
-4
-7
-8
5
-4
84
-15
-49
-60
4
-11
-9
-5
-24
-6
28
-2
-9
-6
-5
-10
-7
-5
-38
22
-1
-4
-8
120
-16
-2
-4
-4
-7
-8
32
-4
-66
81
-91
-56
-42
-11
-9
-5
-24
-6
-9
-2
-9
-6
-5
-10
-7
-14
-16
-106
-1
-57
-8
-62
-16
-2
-4
-4
-7
-8
-54
-4
65
-15
-55
-46
-33
8
-9
-5
-24
-6
-9
-2
-9
-6
-5
-10
-7
-67
-58
-6
-1
-86
-8
-84
23
-2
-4
-4
-7
-8
-23
-4
-66
-15
-49
-104
-117
-11
-9
-5
-22
-6
-9
-2
-9
-6
-5
-10
-7
-79
1
-138
-1
-100
-8
-122
-16
-2
-4
-4
-7
-8
-59
-4
-66
-15
-56
-2
-120
-11
-9
-5
-12
-6
-9
-2
-9
-6
-5
-10
22
-37
1
-132
-1
-28
-8
-93
-16
-2
-4
-4
-7
-8
-79
-4
-57
-15
-20
-66
-120
-11
-9
-5
-17
-6
-9
-2
-9
-6
-5
-10
-7
-61
95
-82
-1
-100
-8
-122
-16
-2
-4
66
-7
-8
-41
-4
-43
-15
-6
51
-120
-11
-9
-5
-3
-6
-9
-2
-9
-6
-5
-10
-7
-38
51
40
-1
-100
-8
-122
-16
-2
-4
-4
-7
-8
-32
-4
-66
-15
-28
-43
-120
-11
-9
-5
-3
-6
-9
-2
-9
-6
-5
-10
-7
-35
-32
-61
-1
-93
-8
-122
-16
-2
-4
-4
-7
-8
-111
-4
-66
-15
-51
-18
-71
-11
-9
-5
24
-6
-9
-2
-9
-6
-5
-10
-7
-61
-28
-68
-1
-74
-8
-122
-16
-2
-4
-4
-7
-8
-88
-4
-66
-15
-50
-52
-74
-11
-9
-5
-24
-6
-9
-2
-9
-6
-5
-10
-7
-65
-1
-42
-1
-38
-8
-107
23
-2
-4
-4
-7
-8
-62
-4
-66
-15
-23
-44
-96
0
-9
-5
-22
-6
-9
-2
-9
-6
-5
-10
-7
-60
-55
-27
-1
11
-8
-76
98
-2
-4
-4
-7
-8
36
-4
-66
-15
4
-90
-120
-11
-9
-5
-24
-6
-9
-2
-9
-6
-5
-10
-7
1
-49
-53
-1
-100
-8
-122
-16
-2
-4
-4
-7
-8
79
-4
-66
-15
-55
-42
-120
-11
-9
-5
-24
-6
-9
-2
-9
-6
-5
-10
-7
24
53
-117
-1
-100
-8
-83
-16
-2
-4
-4
-7
-8
-63
-4
-43
-15
12
8
-99
-11
-9
-5
-9
-6
-9
-2
-9
-6
-5
-10
-7
-68
42
-60
-1
-56
-8
-114
22
-2
-4
-4
-7
-8
-24
-4
-66
-15
-64
-12
-78
