38
-22
473
-33
-58
190
296
-167
-50
105
182
341
272
-59
-68
-192
-34
14
11
-33
-58
-82
296
-167
-50
58
-6
449
289
-59
-68
-19
147
330
11
-33
-58
139
272
-54
-50
523
-6
582
207
-59
-68
251
300
-36
11
-33
-58
70
115
-167
18
49
-6
434
-22
-59
-68
-29
-34
-36
11
-33
-58
33
-16
-162
167
-1
-6
216
209
-59
-68
35
276
-36
11
107
-58
-89
-6
-78
209
40
-6
-10
383
-59
-68
78
184
-36
11
109
-47
133
-16
-22
247
268
7
310
124
75
-68
-60
-34
-36
243
-33
23
-36
95
19
538
-111
-6
455
156
-59
-68
295
-34
28
11
-33
-58
331
197
-167
161
52
-6
206
53
-59
-68
255
-34
176
11
-33
-58
427
231
-167
-50
280
-6
201
258
-59
-68
-192
-34
41
11
-33
-58
160
296
-167
-50
94
-6
237
330
-59
-68
-192
-34
407
11
-33
-58
68
296
-167
3
65
-6
166
339
-59
-68
39
79
-36
473
-33
-58
190
251
-167
-50
6
6
341
44
-59
-68
-35
360
-36
11
-33
168
27
96
106
-50
408
-6
848
-131
-59
1651
1136
245
-36
11
117
211
213
-16
201
645
-257
171
71
-131
117
325
91
111
-36
11
12
-58
165
-16
25
224
233
-5
52
486
-59
-68
-121
163
-36
11
10
-58
181
5
49
5
208
-6
153
172
-59
-68
2
-29
-36
11
-33
-58
104
3
-38
2
242
-6
137
117
23
-68
-3
-34
-36
11
-33
-58
5
65
-98
48
116
48
124
144
70
-68
-60
59
-36
11
-33
-58
56
8
-24
8
140
-6
192
223
-45
-68
29
89
-36
11
-33
-58
27
-16
-46
218
189
-6
439
-10
-45
-68
51
25
-36
11
-33
-58
303
-16
-167
287
95
-6
424
-131
-59
-68
260
11
-36
172
-33
45
326
170
-167
-50
139
-6
299
-131
-59
-68
314
-34
-36
11
-33
-58
189
176
-167
-50
131
-6
168
217
-59
-68
41
426
159
11
14
-58
-89
252
-64
-50
254
-6
481
-131
-59
-68
550
-34
-36
11
313
366
-60
-16
-167
204
-257
17
201
57
559
1232
354
47
457
11
-24
112
298
-16
156
681
200
548
11
-36
69
-68
117
15
-36
11
-33
-58
8
4
69
167
117
163
95
-25
50
-68
58
-30
-36
11
-33
-58
-28
41
-65
92
128
106
163
81
17
-68
-1
-10
-36
11
-33
-58
90
-9
-22
32
135
-6
109
234
-4
-68
-6
126
-36
11
10
-58
118
3
19
-50
119
-6
123
174
-59
-68
1
277
-36
11
226
-58
84
-16
38
0
169
-6
137
292
126
-68
60
58
-36
11
-33
-58
-4
-16
40
13
199
164
121
169
-59
-68
78
141
-36
11
-33
-58
39
-16
-57
123
210
-6
281
34
49
-68
-55
-11
-36
344
-33
-58
100
373
-104
172
51
-6
732
-131
-59
-68
90
52
-36
405
-33
-58
251
168
-167
-50
47
-6
241
184
-59
-68
-33
640
-36
299
221
-58
-89
135
-92
-50
92
-6
627
-126
253
-68
632
-34
89
11
263
-58
56
-16
-99
345
45
247
117
244
232
-68
-39
-5
266
11
-9
-58
-61
-12
33
144
117
0
92
271
75
-68
92
111
-36
11
-33
-58
19
-3
29
153
188
-6
167
126
-51
-68
55
272
-36
11
-33
-58
108
-1
-7
-40
129
-2
145
230
-54
-68
40
119
-36
11
-33
-58
51
-16
30
-19
94
21
103
239
51
-68
22
34
-36
11
-33
-58
63
-7
-10
42
197
40
110
121
-10
-68
44
91
20
11
-33
-58
-89
-16
24
101
182
-6
131
158
70
-68
-23
166
-36
11
-33
-58
-3
-16
-2
56
52
73
106
205
94
-68
33
157
-36
11
-33
-58
91
-16
57
25
175
58
135
-54
79
-68
-7
9
-36
11
-33
-58
314
-16
-19
16
172
-6
462
-28
-59
-68
-63
241
146
648
-33
18
153
313
-28
95
345
-6
468
-131
-59
-68
321
313
-36
194
457
-58
334
-16
-167
21
-25
-6
391
95
29
-68
297
119
-36
11
-33
-58
183
28
-58
26
222
135
150
276
-59
-68
-16
136
-36
11
-33
-58
-14
-16
14
60
175
-6
138
172
-59
-68
55
141
-36
11
12
-58
5
-16
56
61
52
-6
50
177
152
-68
38
134
-36
11
146
-58
105
-16
30
44
98
204
161
52
168
-68
-31
-34
-36
11
95
-58
-79
10
-59
58
107
160
34
51
174
-68
-63
-34
-36
11
-33
-58
-22
41
-21
53
127
25
90
264
5
-68
53
14
-36
11
8
-58
3
-16
-50
49
125
-6
112
76
68
-68
-29
-34
-36
11
-33
-58
-38
-16
-41
7
90
-6
90
61
48
-68
78
46
-36
11
-33
-58
108
-16
24
52
254
-6
103
216
-55
-68
36
122
-36
11
-33
-58
78
-16
-32
42
136
-6
177
222
81
-68
41
501
167
553
-33
-58
117
69
-48
206
128
301
675
492
-59
-68
397
257
-36
185
67
151
239
-16
-167
48
-37
-6
181
89
147
-68
7
84
-36
11
-33
-58
167
-16
87
25
85
-6
120
50
106
-68
57
116
-36
11
-4
-58
15
-16
-25
55
155
-6
96
80
106
-68
27
28
-36
11
-18
-58
-70
-16
-27
60
132
3
143
21
163
-68
12
-9
-36
11
-33
-58
9
50
-53
12
88
188
102
170
22
-68
-11
56
-36
11
-33
-58
110
55
-13
-15
142
-6
114
222
-41
-68
7
99
-36
11
-33
-58
37
17
-35
5
149
-6
155
225
5
-68
34
12
-36
11
-33
-58
108
-5
42
36
111
-6
151
14
40
-68
15
130
-36
11
-33
-58
96
23
-35
-1
202
-6
146
239
-59
-68
-2
195
-36
11
-33
-58
-22
-16
-10
53
159
-6
132
208
-13
-68
41
76
-36
11
42
-58
81
-16
33
50
152
70
94
172
72
-68
34
457
115
11
-23
-58
314
98
25
-50
300
71
480
40
-59
-68
440
24
-36
11
-33
-58
52
43
-7
251
201
162
181
21
87
-68
254
-34
-36
11
-33
-58
-23
37
-110
23
121
-6
151
136
48
-68
-56
-34
-36
11
-33
-58
-87
44
-80
41
90
-6
152
215
-6
-68
21
32
-36
11
-33
-58
37
-16
12
47
135
-6
93
182
-9
-68
19
119
-36
11
-33
-58
124
34
17
4
160
-6
119
24
-59
-68
87
97
-36
11
-33
-58
10
-16
50
67
185
-6
111
124
-20
-68
66
111
-36
11
-33
-58
-30
-16
5
38
149
100
147
16
9
-68
-5
10
-36
11
-33
-58
2
11
14
26
158
55
96
24
36
-68
1
-34
-36
11
55
-58
21
-16
-33
51
56
-6
116
134
54
-68
-43
-34
-36
11
91
-58
42
-16
-46
58
120
-6
115
90
119
-68
-1
-34
-36
11
-33
-58
3
-16
51
73
98
-6
24
133
70
-68
43
206
-4
11
-33
-58
-56
-7
46
119
104
132
242
-131
-36
-68
13
72
-36
541
69
-58
231
109
-167
26
10
-6
321
48
-30
-68
5
-15
-36
11
-33
-58
68
58
-88
-23
172
-6
165
253
-59
-68
-40
-34
-36
11
-33
-58
9
47
-138
-41
98
-6
166
164
-40
-68
-41
-34
-36
11
-33
-58
-89
-6
-92
13
112
-6
117
145
10
-68
26
92
-36
11
-33
-58
-47
-16
21
66
174
-6
168
134
34
-68
51
114
-36
11
45
-58
99
-16
143
93
10
-6
93
246
124
-68
120
201
-36
11
17
6
71
-16
220
133
185
223
82
-15
100
-68
64
18
-36
11
-33
-58
49
18
-21
38
162
-6
161
73
-6
-68
-64
-34
-36
11
-33
-58
32
44
-109
-32
138
25
169
117
-59
-68
-42
12
-36
11
-33
-58
110
55
-37
-20
146
-6
133
191
-49
-68
19
153
-36
11
-33
-58
-33
5
-27
26
93
-6
141
213
38
-68
22
118
-36
436
-33
-58
97
93
22
-50
-80
106
190
148
125
-68
143
278
-36
171
-33
-58
-13
84
-167
-50
28
178
428
363
-59
-68
-31
20
-36
11
-33
-58
177
-9
48
53
158
-6
103
159
65
-68
114
40
-36
11
-33
-58
168
29
-17
-22
171
1
168
68
-59
-68
-42
-34
-36
11
-33
-58
-11
41
-146
-28
108
-6
154
148
-9
-68
-47
-23
-36
11
-33
-58
-29
33
-113
28
125
-6
126
292
8
-68
40
-34
168
11
-33
-58
-89
16
-52
74
102
101
159
75
255
-68
47
-34
-36
11
-33
-58
-89
80
11
196
114
187
89
243
67
-68
52
-34
-36
11
-33
-58
40
-7
-39
54
95
-6
125
124
9
-68
20
7
-36
11
-33
-58
12
46
-97
-26
96
52
141
203
-59
-68
6
151
-36
11
55
-58
145
-16
62
12
89
-6
85
199
76
-68
60
186
-36
11
23
53
201
-16
140
120
243
316
122
38
233
-68
168
214
76
320
-33
-58
299
295
-167
-50
-24
57
456
408
-59
-68
589
239
-36
435
-33
-58
-67
244
-167
-50
189
356
363
411
-59
-68
-192
-34
49
11
49
-58
-89
163
-59
74
112
-6
22
187
-9
-68
195
-8
-36
11
-33
-58
153
-12
101
80
178
86
134
130
-50
-68
243
-6
-36
11
-33
-58
17
39
-95
-50
92
89
171
93
-59
-68
-77
12
-36
11
-33
-58
11
26
-91
-29
104
-6
145
248
-37
-68
34
-34
-36
11
-33
-58
25
-15
-38
-22
114
146
134
-9
104
-68
-73
-34
-36
11
-33
-58
7
28
-125
-3
106
-6
167
169
-41
-68
-35
-11
-36
11
-33
-58
60
-16
39
31
148
-6
72
169
-49
-68
22
26
-36
11
-33
-58
163
10
-1
-26
152
67
200
150
-35
-68
-47
43
346
11
-26
-58
-89
9
-119
59
113
-6
144
370
247
-68
80
-34
193
11
63
-16
257
170
86
-50
0
118
85
16
287
-68
-192
132
-10
276
-33
-58
245
411
-167
-50
177
30
395
294
-59
-68
392
38
-36
473
-33
-58
190
246
-167
-50
50
6
364
55
-59
-68
-192
-34
115
11
-33
-58
-89
289
-167
-50
237
-6
154
131
-59
-68
-192
-34
280
11
-33
-58
71
124
142
137
-25
-6
117
-20
64
-68
179
15
-36
11
-33
-58
202
53
126
245
263
24
146
142
-59
-68
236
132
-36
11
-33
-58
129
22
-38
-38
202
-6
185
140
21
-68
-49
76
-36
11
-33
-58
126
44
80
37
191
-6
65
213
-59
-68
37
116
-36
11
-33
-58
260
47
77
-5
306
-6
195
95
-59
-68
77
197
-36
11
-33
-58
-49
-16
6
17
62
-6
206
236
112
-68
51
33
-36
11
-33
-58
103
-16
82
12
116
202
139
-97
23
-68
0
-34
-36
221
-33
-58
144
52
-167
-50
195
37
268
218
94
-68
-192
-34
-36
11
69
-58
-76
186
-167
-50
335
-6
357
-131
-59
-68
471
-34
-36
11
-33
-58
180
176
-167
-50
232
-6
166
189
-59
-68
39
249
-36
473
-33
-58
409
246
-167
-50
161
6
341
258
-59
-68
97
86
-36
99
-33
-58
202
173
-167
-50
46
-6
263
131
-59
-68
17
78
270
11
-33
-58
0
268
-167
-50
323
-6
229
406
-59
-68
-116
-5
-36
309
-33
-58
-85
172
-65
131
-95
-6
212
689
157
-68
93
-20
-36
511
34
-58
193
-13
52
239
391
-6
56
270
-59
-68
234
93
-14
11
2
-58
25
-16
-44
4
113
-6
193
91
40
-68
23
105
-36
11
299
-58
202
-16
156
126
153
40
53
168
185
-68
76
110
-36
11
41
-58
54
24
-94
10
94
351
245
-16
130
-68
-74
-34
135
30
-33
-58
60
67
-55
-41
170
-3
211
539
-59
-68
16
146
-36
11
-33
-58
322
410
-167
-50
44
-6
510
585
-59
-68
546
86
-36
99
-33
-58
226
99
-167
-50
150
-6
246
107
-59
-68
-1
298
-36
99
-33
-58
202
176
-167
-50
65
-6
246
465
-59
-68
93
