-297
263
66
-66
-22
-269
-246
54
-297
263
66
-66
-22
-269
-246
54
-297
263
66
-66
-22
-269
-246
54
-297
263
66
-66
-22
-269
-246
54
-297
263
66
-66
-22
-269
-246
54
-297
263
66
-66
-22
-269
-246
54
-289
263
230
-66
107
-234
-163
54
-251
263
174
-66
45
-198
-62
234
-155
-33
278
-66
155
-116
74
355
-105
-33
139
-66
185
-49
206
274
9
-33
100
-66
65
22
243
604
3
-33
159
-66
-22
3
231
249
51
-33
14
-66
-22
87
255
362
86
-33
699
-66
-22
23
266
-4
-2
-33
510
-66
-22
-84
180
540
-132
-1
367
-66
-22
-156
74
481
-244
263
184
-66
-22
-210
-61
315
-297
263
91
-66
-22
-239
-141
456
-297
263
66
-66
-22
-269
-246
54
-297
263
66
-66
-22
-269
-246
54
-297
263
66
-66
-22
-269
-246
54
-297
263
66
-66
-22
-269
-246
54
-297
263
66
-66
-22
-269
-246
54
-297
263
66
-66
-22
-269
-246
54
-297
263
66
-66
-22
-269
-246
54
-297
263
66
-66
-22
-269
-246
54
-297
263
66
-66
-22
-269
-246
54
-297
263
66
-66
-22
-269
-246
54
-297
263
100
-66
-7
-256
-200
54
-189
69
145
-66
442
-134
26
26
-71
-33
224
-66
358
-35
254
551
-56
-33
117
-66
-22
-46
135
304
-50
-33
0
-66
-22
-19
176
-4
-34
-33
0
-66
-22
3
69
-4
20
-33
0
-66
-22
34
45
-4
6
-33
0
-66
-22
38
47
-4
91
-33
0
-66
-22
75
161
-4
50
-33
0
-66
-22
30
89
-4
17
-33
0
-66
-22
-9
-72
-4
-26
-33
210
-66
-22
-33
-17
-4
8
-33
287
-66
-22
-14
144
103
9
-33
460
-66
-22
-85
83
386
-250
249
151
-66
-22
-226
-55
294
-297
263
66
-66
-22
-261
-196
252
-297
263
66
-66
-22
-269
-246
54
-297
263
66
-66
-22
-269
-246
54
-297
263
66
-66
-22
-269
-246
54
-297
263
66
-66
-22
-269
-246
54
-297
263
66
-66
-22
-269
-246
54
-297
263
66
-66
-22
-269
-246
54
-297
263
66
-66
-22
-269
-246
54
-277
263
66
-66
229
-223
-132
54
-113
-33
222
-66
505
-40
199
449
-37
-33
64
-66
180
27
282
283
11
-33
29
-66
-22
24
282
-4
-21
-33
0
-66
-22
-15
-12
-4
-31
-33
0
-66
-22
-16
-14
-4
-32
-33
0
-66
-22
-17
-18
-4
-32
-33
0
-66
-22
-17
-16
-4
-34
-33
0
-66
-22
8
7
-4
-1
-33
0
-66
-22
25
-21
-4
0
-33
0
-66
-22
-10
-21
-4
-34
-33
0
-66
-22
-18
-21
-4
-32
-33
0
-66
-22
-17
-18
-4
-15
-33
0
-66
-22
33
17
-4
38
-33
385
-66
-22
-4
-68
-4
-33
-33
366
-66
-22
-73
67
325
-120
103
464
-66
-22
-169
6
394
-297
263
66
-66
-22
-260
-166
284
-297
263
66
-66
-22
-269
-246
54
-297
263
66
-66
-22
-269
-246
54
-297
263
66
-66
-22
-269
-246
54
-297
263
66
-66
-22
-269
-246
54
-297
263
66
-66
-22
-269
-246
54
-266
263
66
-66
244
-225
-121
54
-117
-33
171
-66
732
24
311
792
111
-33
0
-66
-22
90
343
604
114
-33
143
-66
-22
66
211
-4
71
-33
47
-66
-22
33
128
-4
79
-33
3
-66
-22
61
161
-4
71
-33
117
-66
-22
36
133
-4
26
-33
69
-66
-22
32
58
-4
36
-33
37
-66
-22
16
86
-4
-34
-33
0
-66
-22
-18
-21
-4
-34
-33
0
-66
-22
-18
-21
-4
-34
-33
0
-66
-22
-18
-21
-4
-34
-33
0
-66
-22
-18
-21
-4
26
-33
69
-66
-22
32
58
-4
36
-33
37
-66
-22
16
86
-4
-34
-33
0
-66
-22
-18
-21
-4
40
-33
113
-66
-22
32
58
-4
64
-33
355
-66
-22
-18
59
-4
-61
62
598
-66
-22
-141
42
381
-297
263
66
-66
-22
-255
-159
424
-297
263
66
-66
-22
-269
-246
54
-297
263
66
-66
-22
-269
-246
54
-297
263
66
-66
-22
-269
-246
54
-297
263
66
-66
48
-245
-191
54
-41
-33
82
-66
742
95
368
-4
166
-33
0
-66
70
159
473
530
89
-33
0
-66
-22
134
175
-4
155
-33
0
-66
-22
89
55
-4
19
-33
0
-66
-22
31
17
-4
21
-33
0
-66
-22
64
13
-4
56
-33
0
-66
-22
9
-46
-4
-17
-33
0
-66
-22
35
33
-4
29
-33
0
-66
-22
-4
-28
-4
-3
-33
0
-66
-22
5
24
-4
-18
-33
0
-66
-22
-6
32
-4
-3
-33
0
-66
-22
3
29
-4
-25
-33
0
-66
-22
-11
12
-4
29
-33
0
-66
-22
64
72
-4
58
-33
0
-66
-22
20
39
-4
-8
-33
0
-66
-22
-3
18
-4
-8
-33
0
-66
-22
35
33
-4
47
-33
0
-66
-22
38
-7
-4
42
-33
589
-66
-22
-11
18
-4
-120
61
434
-66
-22
-179
-39
357
-297
263
66
-66
-22
-269
-208
134
-297
263
66
-66
-22
-269
-246
54
-297
263
66
-66
-22
-269
-246
54
-259
-33
57
-66
426
-156
-52
4
6
-33
0
-66
652
164
285
-4
169
-33
0
-66
-22
154
177
-4
74
-33
0
-66
-22
122
98
-4
162
-33
140
-66
-22
106
67
-4
28
-33
26
-66
-22
15
81
-4
30
-33
0
-66
-22
36
82
-4
3
-33
0
-66
-22
-11
39
-4
-34
-33
0
-66
-22
-18
-21
-4
-23
-33
0
-66
-22
-4
-2
-4
38
-33
12
-66
-22
44
80
-4
28
-33
26
-66
-22
15
81
-4
42
-33
0
-66
-22
36
89
-4
89
-33
0
-66
-22
75
163
-4
74
-33
0
-66
-22
78
214
-4
34
-33
0
-66
-22
-5
-56
-4
12
-33
0
-66
-22
38
55
-4
37
-33
0
-66
-22
34
94
-4
-18
-33
0
-66
-22
2
16
-4
-9
-33
0
-66
-22
-10
-7
-4
-8
-33
377
-66
-22
-74
-76
-4
-243
221
137
-66
-22
-231
-108
158
-297
263
66
-66
-22
-269
-246
54
-297
263
66
-66
-9
-259
-202
54
-171
-33
0
-66
501
-1
131
-4
16
-33
79
-66
-22
57
219
-4
16
-33
0
-66
-22
15
-21
-4
-33
-33
0
-66
-22
27
2
-4
19
-33
0
-66
-22
38
53
-4
36
-33
116
-66
-22
30
134
-4
31
-33
0
-66
-22
28
82
-4
-12
-33
0
-66
-22
-5
41
-4
-34
-33
0
-66
-22
-18
-21
-4
24
-33
0
-66
-22
22
60
-4
17
-33
0
-66
-22
23
67
-4
2
-33
0
-66
-22
2
-6
-4
-2
-33
0
-66
-22
16
-7
-4
32
-33
0
-66
-22
71
59
-4
79
-33
96
-66
-22
22
3
-4
35
-33
0
-66
-22
23
73
-4
16
-33
0
-66
-22
18
53
-4
67
-33
64
-66
-22
56
166
-4
19
-33
0
-66
-22
21
110
-4
22
-33
0
-66
-22
40
66
-4
55
-33
353
-66
-22
31
52
-4
-75
241
479
-66
-22
-175
-92
-4
-297
263
66
-66
-22
-263
-184
306
-266
263
66
-66
487
-162
-57
54
-63
-33
0
-66
344
11
150
-4
11
-33
0
-66
-22
9
15
-4
-34
-33
0
-66
-22
-18
-21
-4
16
-33
0
-66
-22
35
59
-4
31
-33
0
-66
-22
47
105
-4
50
-33
0
-66
-22
31
95
-4
34
-33
0
-66
-22
38
75
-4
42
-33
0
-66
-22
12
35
-4
-13
-33
0
-66
-22
-2
46
-4
33
-33
0
-66
-22
91
122
-4
66
-33
18
-66
-22
48
89
-4
31
-33
65
-66
-22
29
76
-4
-21
-33
0
-66
-22
-14
1
-4
-1
-33
0
-66
-22
2
28
-4
6
-33
17
-66
-22
38
94
-4
34
-33
0
-66
-22
43
64
-4
2
-33
0
-66
-22
39
39
-4
90
-33
0
-66
-22
76
141
-4
50
-33
111
-66
-22
-4
80
-4
-35
-33
0
-66
-22
37
38
-4
69
-33
0
-66
-22
30
-11
-4
31
-33
568
-66
-22
-13
16
53
-167
263
483
-66
-22
-209
-72
525
-141
-33
0
-66
527
6
135
-4
39
-33
0
-66
-22
54
264
-4
3
-33
0
-66
-22
-14
35
-4
-34
-33
0
-66
-22
-18
-21
-4
-30
-33
0
-66
-22
42
16
-4
22
-33
0
-66
-22
9
-49
-4
32
-33
0
-66
-22
34
72
-4
62
-33
0
-66
-22
67
154
-4
64
-33
0
-66
-22
95
160
-4
27
-33
0
-66
-22
15
72
-4
81
-33
0
-66
-22
75
164
-4
70
-33
0
-66
-22
45
98
-4
33
-33
0
-66
-22
29
-42
-4
26
-33
0
-66
-22
34
68
-4
31
-33
0
-66
-22
48
115
-4
35
-33
0
-66
-22
32
95
-4
26
-33
0
-66
-22
34
68
-4
32
-33
0
-66
-22
20
79
-4
-17
-33
0
-66
-22
4
-21
-4
-17
-33
0
-66
-22
-14
-21
-4
-17
-33
0
-66
-22
-8
5
-4
-13
-33
0
-66
-22
16
33
-4
67
-33
47
-66
-22
27
0
-4
-51
389
569
-66
-22
-151
-50
-4
-170
-33
0
-66
458
7
31
-4
19
-33
0
-66
-22
16
-52
-4
-16
-33
0
-66
-22
-18
-21
-4
-34
-33
0
-66
-22
-18
-21
-4
-21
-33
0
-66
-22
-4
0
-4
38
-33
66
-66
-22
43
82
-4
14
-33
63
-66
-22
46
135
-4
69
-33
0
-66
-22
94
108
-4
80
-33
15
-66
-22
78
92
-4
-5
-33
0
-66
-22
-1
-8
-4
-13
-33
0
-66
-22
23
-10
-4
7
-33
0
-66
-22
-4
-21
-4
-34
-33
0
-66
-22
-18
-21
-4
-17
-33
0
-66
-22
40
28
-4
26
-33
0
-66
-22
8
-28
-4
-3
-33
0
-66
-22
6
-21
-4
-17
-33
0
-66
-22
40
28
-4
27
-33
6
-66
-22
5
-32
-4
37
-33
68
-66
-22
35
70
-4
23
-33
0
-66
-22
19
103
-4
18
-33
0
-66
-22
37
62
-4
40
-33
78
-66
-22
36
104
-4
-18
-33
0
-66
-22
-1
24
-4
-82
548
200
-66
-22
-152
-208
-4
-167
-33
7
-66
497
-35
73
-4
22
-33
0
-66
-22
36
56
-4
49
-33
12
-66
-22
20
97
-4
53
-33
65
-66
-22
57
149
-4
40
-33
0
-66
-22
15
90
-4
45
-33
0
-66
-22
42
40
-4
70
-33
39
-66
-22
30
118
-4
31
-33
0
-66
-22
62
101
-4
18
-33
0
-66
-22
17
23
-4
-34
-33
0
-66
-22
-18
-21
-4
-34
-33
0
-66
-22
-18
-21
-4
-34
-33
0
-66
-22
-18
-21
-4
-34
-33
0
-66
-22
-18
-21
-4
22
-33
0
-66
-22
36
56
-4
49
-33
12
-66
-22
20
97
-4
15
-33
58
-66
-22
19
68
-4
-28
-33
0
-66
-22
-14
1
-4
-34
-33
0
-66
-22
-18
-21
-4
18
-33
0
-66
-22
36
51
-4
42
-33
57
-66
-22
-2
31
-4
52
-33
17
-66
-22
42
106
-4
40
-33
0
-66
-22
38
124
-4
-17
-33
0
-66
-22
-14
1
-4
29
186
693
-66
-22
-52
-3
-4
31
-33
192
-66
349
23
224
-4
-25
-33
0
-66
-22
43
68
-4
50
-33
0
-66
-22
39
-5
-4
49
-33
0
-66
-22
75
123
-4
43
-33
0
-66
-22
-3
-27
-4
30
-33
0
-66
-22
68
92
-4
24
-33
0
-66
-22
46
53
-4
23
-33
0
-66
-22
37
2
-4
2
-33
0
-66
-22
-12
-21
-4
-34
-33
0
-66
-22
-18
-21
-4
-7
-33
0
-66
-22
-1
16
-4
18
-33
0
-66
-22
36
87
-4
35
-33
11
-66
-22
32
87
-4
-25
-33
0
-66
-22
43
25
-4
50
-33
0
-66
-22
39
-5
-4
34
-33
2
-66
-22
30
78
-4
-7
-33
0
-66
-22
-1
16
-4
0
-33
0
-66
-22
4
51
-4
-1
-33
0
-66
-22
5
53
-4
-3
-33
0
-66
-22
14
41
-4
72
-33
0
-66
-22
90
140
-4
93
-33
26
-66
-22
52
156
-4
-14
-33
0
-66
-22
0
5
-4
15
-33
434
-66
-22
62
71
-4
120
-33
0
-66
-22
83
113
-4
0
-33
0
-66
-22
-14
-5
-4
-34
-33
0
-66
-22
3
3
-4
-10
-33
0
-66
-22
1
-21
-4
-28
-33
0
-66
-22
-4
-6
-4
20
-33
0
-66
-22
44
34
-4
28
-33
0
-66
-22
15
18
-4
32
-33
0
-66
-22
35
84
-4
12
-33
0
-66
-22
-10
41
-4
-29
-33
0
-66
-22
-15
-5
-4
24
-33
0
-66
-22
38
66
-4
29
-33
0
-66
-22
49
113
-4
35
-33
0
-66
-22
28
-18
-4
31
-33
0
-66
-22
33
73
-4
32
-33
14
-66
-22
25
83
-4
-10
-33
0
-66
-22
1
-21
-4
24
-33
0
-66
-22
38
66
-4
48
-33
0
-66
-22
36
134
-4
52
-33
0
-66
-22
34
140
-4
41
-33
0
-66
-22
37
95
-4
18
-33
0
-66
-22
63
68
-4
68
-33
50
-66
-22
55
12
-4
-11
-33
0
-66
-22
-1
6
-4
15
-33
419
-66
-22
58
86
-4
26
-33
93
-66
-22
-2
-83
-4
-6
-33
0
-66
-22
9
19
-4
-34
-33
0
-66
-22
-18
-21
-4
-34
-33
0
-66
-22
-18
-21
-4
-34
-33
0
-66
-22
-18
-21
-4
-34
-33
0
-66
-22
-18
-21
-4
19
-33
52
-66
-22
21
46
-4
15
-33
0
-66
-22
19
74
-4
57
-33
115
-66
-22
46
82
-4
33
-33
141
-66
-22
8
98
-4
-34
-33
0
-66
-22
20
-1
-4
52
-33
0
-66
-22
40
40
-4
42
-33
140
-66
-22
37
110
-4
-11
-33
0
-66
-22
39
34
-4
59
-33
70
-66
-22
40
1
-4
-4
-33
0
-66
-22
4
75
-4
-34
-33
0
-66
-22
20
-1
-4
-6
-33
0
-66
-22
20
-21
-4
-5
-33
0
-66
-22
14
-21
-4
0
-33
0
-66
-22
19
-21
-4
-13
-33
0
-66
-22
19
18
-4
77
-33
0
-66
-22
43
55
-4
41
-33
51
-66
-22
20
67
-4
19
-33
454
-66
-22
71
107
-4
-139
-33
0
-66
467
-9
63
-4
-5
-33
5
-66
-22
-9
71
-4
-34
-33
0
-66
-22
-18
-21
-4
-34
-33
0
-66
-22
-18
-21
-4
-34
-33
0
-66
-22
-18
-21
-4
-34
-33
0
-66
-22
-18
-21
-4
20
-33
0
-66
-22
33
59
-4
31
-33
24
-66
-22
-4
67
-4
10
-33
0
-66
-22
46
37
-4
27
-33
0
-66
-22
-3
14
-4
26
-33
0
-66
-22
47
76
-4
104
-33
29
-66
-22
88
196
-4
61
-33
145
-66
-22
51
103
-4
-19
-33
0
-66
-22
-3
-3
-4
36
-33
0
-66
-22
46
74
-4
28
-33
69
-66
-22
-16
58
-4
-34
-33
0
-66
-22
-18
-21
-4
-34
-33
0
-66
-22
-18
-21
-4
-34
-33
0
-66
-22
-18
-21
-4
-34
-33
0
-66
-22
-18
-21
-4
-34
-33
0
-66
-22
-18
-21
-4
27
-33
0
-66
-22
69
79
-4
62
-33
0
-66
-22
24
50
-4
-111
52
158
-66
-22
-38
-109
-4
-224
-33
0
-66
273
-67
-70
-4
-33
-33
0
-66
-22
-23
-64
-4
-34
-33
0
-66
-22
-18
-21
-4
-34
-33
0
-66
-22
-18
-21
-4
-34
-33
0
-66
-22
-18
-21
-4
-34
-33
0
-66
-22
-18
-21
-4
-32
-33
0
-66
-22
-4
-6
-4
-17
-33
0
-66
-22
-3
-5
-4
36
-33
0
-66
-22
44
78
-4
27
-33
0
-66
-22
-6
75
-4
19
-33
0
-66
-22
74
85
-4
141
-33
0
-66
-22
110
80
-4
161
-33
170
-66
-22
116
162
-4
55
-33
0
-66
-22
14
99
-4
13
-33
0
-66
-22
25
56
-4
37
-33
3
-66
-22
34
95
-4
-23
-33
0
-66
-22
-15
6
-4
-34
-33
0
-66
-22
-18
-21
-4
-26
-33
0
-66
-22
-13
-8
-4
-17
-33
0
-66
-22
-6
7
-4
-29
-33
0
-66
-22
-14
-3
-4
3
-33
0
-66
-22
42
28
-4
57
-33
13
-66
-22
37
-20
-4
-92
410
180
-66
-22
-163
-172
-4
-297
263
66
-66
277
-170
-135
54
-80
-33
0
-66
-4
-16
8
-4
35
-33
110
-66
-22
34
80
-4
7
-33
0
-66
-22
7
95
-4
-34
-33
0
-66
-22
-18
-21
-4
-34
-33
0
-66
-22
-18
-21
-4
-34
-33
0
-66
-22
-18
-21
-4
-34
-33
0
-66
-22
-10
-11
-4
-13
-33
0
-66
-22
16
4
-4
-3
-33
0
-66
-22
-16
-21
-4
24
-33
0
-66
-22
70
85
-4
57
-33
0
-66
-22
65
47
-4
104
-33
0
-66
-22
96
7
-4
57
-33
7
-66
-22
-6
-37
-4
-32
-33
0
-66
-22
37
32
-4
35
-33
24
-66
-22
26
6
-4
-19
-33
0
-66
-22
-18
-21
-4
-34
-33
0
-66
-22
-18
-21
-4
-3
-33
0
-66
-22
15
29
-4
48
-33
0
-66
-22
35
93
-4
70
-33
110
-66
-22
34
80
-4
7
-33
0
-66
-22
15
95
-4
-32
-33
0
-66
-22
16
-17
-4
-143
590
230
-66
-22
-224
-350
-4
-297
263
66
-66
152
-214
-175
54
-133
-33
0
-66
-17
-30
-83
-4
39
-33
0
-66
-22
66
58
-4
66
-33
92
-66
-22
31
80
-4
33
-33
22
-66
-22
13
74
-4
-34
-33
0
-66
-22
-18
-21
-4
-34
-33
0
-66
-22
-18
-21
-4
-34
-33
0
-66
-22
-18
-21
-4
-34
-33
0
-66
-22
-18
-21
-4
-34
-33
0
-66
-22
-18
-21
-4
5
-33
0
-66
-22
42
53
-4
38
-33
72
-66
-22
10
49
-4
-34
-33
0
-66
-22
-18
-21
-4
-34
-33
0
-66
-22
-18
-21
-4
4
-33
0
-66
-22
5
35
-4
12
-33
45
-66
-22
17
63
-4
-29
-33
0
-66
-22
-14
-1
-4
-34
-33
0
-66
-22
-18
-21
-4
22
-33
0
-66
-22
49
82
-4
38
-33
18
-66
-22
59
72
-4
138
-33
57
-66
-22
109
203
-4
149
-33
267
-66
-22
45
193
-4
-98
-24
147
-66
-22
-107
-147
-4
-283
624
242
-66
-22
-269
-246
54
-297
263
66
-66
-22
-269
-238
54
-231
-33
0
-66
166
-62
-25
-4
-2
-33
0
-66
-22
-10
19
-4
5
-33
0
-66
-22
45
8
-4
65
-33
0
-66
-22
38
54
-4
-5
-33
0
-66
-22
-10
37
-4
-34
-33
0
-66
-22
-18
-21
-4
-34
-33
0
-66
-22
-18
-21
-4
-34
-33
0
-66
-22
-18
-21
-4
-10
-33
0
-66
-22
8
21
-4
30
-33
0
-66
-22
33
80
-4
-5
-33
0
-66
-22
-6
37
-4
-34
-33
0
-66
-22
-18
-21
-4
-34
-33
0
-66
-22
-18
-21
-4
4
-33
0
-66
-22
39
46
-4
35
-33
0
-66
-22
31
81
-4
-18
-33
0
-66
-22
-17
2
-4
-34
-33
0
-66
-22
-18
-21
-4
-14
-33
0
-66
-22
35
31
-4
30
-33
0
-66
-22
2
-16
-4
86
-33
0
-66
-22
129
136
-4
105
-33
12
-66
-22
61
21
-4
-158
532
159
-66
-22
-223
-306
-4
-297
330
66
-66
-22
-269
-246
54
-297
263
66
-66
-22
-269
-246
54
-297
263
66
-66
-22
-204
-206
54
-204
-33
0
-66
-22
-99
-212
-4
-53
-33
0
-66
-22
5
-26
-4
61
-33
0
-66
-22
45
14
-4
57
-33
0
-66
-22
30
77
-4
-31
-33
0
-66
-22
-16
-10
-4
-34
-33
0
-66
-22
-18
-21
-4
-34
-33
0
-66
-22
-18
-21
-4
-13
-33
0
-66
-22
25
53
-4
57
-33
0
-66
-22
65
67
-4
11
-33
0
-66
-22
-6
-18
-4
-34
-33
0
-66
-22
-18
-21
-4
-34
-33
0
-66
-22
-18
-21
-4
-34
-33
0
-66
-22
6
6
-4
35
-33
25
-66
-22
34
69
-4
25
-33
0
-66
-22
17
99
-4
-34
-33
0
-66
-22
-18
-21
-4
-34
-33
0
-66
-22
-18
-21
-4
-27
-33
0
-66
-22
4
8
-4
12
-33
0
-66
-22
84
99
-4
-18
699
283
-66
-22
-110
-231
-4
-287
510
110
-66
-22
-269
-246
54
-297
263
66
-66
-22
-269
-246
54
-297
263
66
-66
-22
-269
-246
54
-297
263
66
-66
-22
-269
-246
54
-297
263
66
-66
-2
-237
-203
54
-233
-33
0
-66
40
-103
-198
-4
-7
-33
0
-66
-22
39
14
-4
97
-33
379
-66
-22
57
110
-4
30
-33
120
-66
-22
7
92
-4
-34
-33
0
-66
-22
-18
-21
-4
-34
-33
0
-66
-22
-18
-21
-4
-29
-33
0
-66
-22
16
16
-4
35
-33
0
-66
-22
36
39
-4
4
-33
13
-66
-22
-18
-17
-4
-34
-33
0
-66
-22
-18
-21
-4
-34
-33
0
-66
-22
-18
-21
-4
-34
-33
0
-66
-22
-18
-21
-4
52
-33
0
-66
-22
79
76
-4
107
-33
20
-66
-22
62
33
-4
-19
-33
0
-66
-22
-6
34
-4
-34
-33
0
-66
-22
-18
-21
-4
-56
-33
0
-66
-22
-33
-55
-4
-196
687
93
-66
-22
-136
-256
-4
-270
970
66
-66
-22
-269
-246
54
-297
263
66
-66
-22
-269
-246
54
-297
263
66
-66
-22
-269
-246
54
-297
263
66
-66
-22
-269
-246
54
-297
263
66
-66
-22
-269
-246
54
-297
263
66
-66
-22
-269
-246
54
-297
263
66
-66
15
-237
-203
54
-235
-33
0
-66
-22
-80
-180
-4
39
-33
0
-66
-22
42
-72
-4
79
-33
0
-66
-22
19
27
-4
38
-33
0
-66
-22
7
82
-4
-6
-33
0
-66
-22
4
28
-4
-34
-33
0
-66
-22
-17
-19
-4
-23
-33
0
-66
-22
-7
-4
-4
73
-33
3
-66
-22
70
142
-4
86
-33
25
-66
-22
39
160
-4
-21
-33
0
-66
-22
-14
2
-4
-34
-33
0
-66
-22
-18
-21
-4
39
-33
0
-66
-22
68
93
-4
85
-33
81
-66
-22
52
142
-4
33
-33
0
-66
-22
0
27
-4
-62
-33
0
-66
-22
-35
-63
-4
-179
468
65
-66
-22
-179
-310
-4
-297
606
66
-66
-22
-269
-246
54
-297
263
66
-66
-22
-269
-246
54
-297
263
66
-66
-22
-269
-246
54
-297
263
66
-66
-22
-269
-246
54
-297
263
66
-66
-22
-269
-246
54
-297
263
66
-66
-22
-269
-246
54
-297
263
66
-66
-22
-269
-246
54
-297
263
66
-66
-22
-269
-246
54
-297
263
66
-66
-9
-223
-202
54
-235
-33
0
-66
-22
-115
-163
-4
-97
-33
0
-66
72
-13
-198
-4
69
-33
0
-66
-22
56
51
-4
81
-33
197
-66
-22
43
135
-4
14
-33
0
-66
-22
0
74
-4
-24
-33
0
-66
-22
-4
3
-4
10
-33
0
-66
-22
75
38
-4
84
-33
29
-66
-22
53
-3
-4
79
-33
0
-66
-22
51
151
-4
35
-33
0
-66
-22
25
95
-4
1
-33
0
-66
-22
26
19
-4
-8
-33
0
-66
-22
14
2
-4
-18
-33
122
-66
-22
-2
-50
-4
-129
477
333
-66
-22
-171
-215
-4
-297
411
66
-66
-22
-269
-246
54
-297
263
66
-66
-22
-269
-246
54
-297
263
66
-66
-22
-269
-246
54
-297
263
66
-66
-22
-269
-246
54
-297
263
66
-66
-22
-269
-246
54
-297
263
66
-66
-22
-269
-246
54
-297
263
66
-66
-22
-269
-246
54
-297
263
66
-66
-22
-269
-246
54
-297
263
66
-66
-22
-269
-246
54
-297
263
66
-66
-22
-269
-246
54
-297
263
66
-66
-22
-269
-246
54
-297
263
66
-66
108
-157
-169
54
-160
-33
0
-66
-22
-59
-192
-4
-50
-33
0
-66
-22
-48
-276
-4
36
-33
82
-66
-22
31
56
-4
24
-33
0
-66
-22
18
98
-4
-34
-33
0
-66
-22
-18
-21
-4
107
-33
0
-66
-22
111
166
-4
166
-33
23
-66
-22
106
214
-4
54
-33
104
-66
-22
18
56
-4
-146
-33
55
-66
-22
-59
-137
-4
-124
364
161
-66
-22
-141
-329
-4
-278
544
66
-66
-22
-188
-246
54
-283
854
66
-66
-22
-269
-246
54
-297
263
66
-66
-22
-269
-246
54
-297
263
66
-66
-22
-269
-246
54
-297
263
66
-66
-22
-269
-246
54
-297
263
66
-66
-22
-269
-246
54
-297
263
66
-66
-22
-269
-246
54
