82
-9
439
13
-6
349
-2
-9
-6
-5
-10
-7
13
-3
-8
-1
49
-8
-36
77
-2
-4
60
-7
-8
138
-4
-11
182
8
-3
-120
271
0
-5
92
81
-9
-2
-9
117
74
120
-7
212
31
9
-1
-70
143
65
45
-2
-4
-4
-7
-8
-39
-4
-66
-10
15
135
-101
-11
-9
-5
-15
-6
-9
-2
-9
-6
-5
-10
-7
-22
-5
-46
-1
7
-8
8
-16
-2
-4
-4
-7
-8
-61
-4
25
-15
-17
31
-24
-11
-9
-5
-12
-6
32
22
-9
-6
-5
-10
-7
27
-5
-19
-1
29
-8
55
-16
-2
-4
-4
-7
-8
-15
-4
5
-15
-11
16
-44
-11
-9
-5
-24
-6
-9
-2
-9
-6
-5
20
-7
18
-11
40
57
-21
-8
-1
-16
-2
-4
-4
-7
-8
33
-4
-52
28
-40
2
7
-11
-9
-5
-24
-6
-9
-2
-9
-6
-5
183
-7
11
-29
-81
-1
-14
-8
-56
43
-2
-4
-4
-7
-8
23
-4
17
21
-24
-3
-63
40
31
98
17
215
160
-2
126
-6
-5
-10
290
24
29
-28
-1
52
-8
-61
-5
-2
-4
-4
-7
-8
-90
254
61
-15
-34
141
49
-11
45
-5
65
-6
17
-2
253
-6
165
-10
-7
16
13
-26
-1
19
-8
15
-16
-2
-4
-4
-7
-8
34
-4
-44
-15
59
-2
94
-11
-9
-5
23
-6
12
-2
-9
-6
-5
-10
-7
-12
-11
-20
-1
-1
-8
13
-16
-2
-4
-4
-7
-6
-22
-4
-5
-15
-25
12
-19
-11
-9
-5
28
-6
-9
-2
-9
-6
-5
-10
-7
-15
23
-13
-1
0
-8
-1
-16
-2
-4
-4
-7
-8
-17
-4
-32
-15
-17
18
1
-11
-9
-5
-23
-6
-9
-2
-9
-6
-5
-10
-7
-7
-7
-11
-1
-11
-8
10
-16
-2
-4
-4
-7
-8
-53
-4
-45
-15
1
31
-54
-11
-9
-5
-24
-6
-9
-2
-9
-6
-5
-10
-7
-4
-35
45
-1
7
-8
17
113
-2
-4
-4
-7
-8
17
-4
1
-15
1
-32
-78
-11
-9
-5
6
-6
-9
-2
-9
-6
-5
-10
-7
-6
2
-30
-1
19
-8
-59
-16
-2
-4
-4
-7
-8
-35
9
-32
-15
-13
32
-35
-11
-9
-5
12
-6
-9
-2
-9
-6
-5
-10
-7
-1
-3
-46
-1
-17
-8
-36
-16
-2
-4
-4
1
-8
-10
-4
-8
-15
-46
16
-14
-11
-9
-5
9
-6
-9
-2
-9
-6
-5
-10
-7
-29
-30
-21
-1
-10
-8
-14
28
-2
-4
-4
-7
-8
-11
-4
-32
-14
-6
-16
5
-8
-3
-5
-7
-6
-9
-2
-9
-6
-5
-10
-7
3
20
-36
-1
-11
-8
-7
-16
-2
-4
-4
-7
-8
-41
-4
-25
-15
-46
-17
-19
-11
-9
-5
13
-6
-9
-2
-9
-6
-5
-10
-7
-30
11
-25
-1
-7
-8
27
-16
-2
-4
-4
-7
-8
-45
-4
-6
-15
-40
-13
-66
-11
-9
-5
10
-6
80
-2
-9
-6
-5
-10
-7
18
40
37
-1
-19
-8
-34
115
-2
-4
-4
-7
-8
-2
-4
16
-15
49
-41
-5
-11
-9
-5
-15
-6
-9
-2
-9
-6
-5
-2
-7
0
-31
-31
-1
6
-8
0
-3
-2
6
-4
-7
-8
6
-4
-4
32
-41
-10
-14
-11
-2
-5
-17
-6
-9
-2
-9
-6
-5
-10
-7
14
20
-37
-1
-17
-8
-26
-9
-2
-4
0
-7
-8
-28
-4
13
-15
-44
-33
-39
-11
-9
9
28
-6
-9
-2
-9
-6
-5
-10
-7
-9
-25
-33
-1
-6
-8
18
-16
-2
-4
4
-7
-8
-55
-4
28
-15
-40
-29
-27
-11
-4
-5
36
-6
-9
-2
-9
12
-5
-10
-7
-24
-13
-23
-1
-14
10
-37
15
-2
-4
-4
-7
-8
-92
-4
-60
-15
-26
-49
-32
-11
2
-5
-16
-6
-9
-2
-9
-6
-5
-10
-7
-10
-17
-36
-1
-10
-8
49
-16
-2
-4
-4
-7
-8
-11
-4
8
-15
-23
-34
-15
-11
-9
-5
-7
-6
-9
-2
-9
-1
-5
-10
-7
-22
-50
-71
-1
10
-8
-23
2
-2
-1
-4
-7
-8
-38
43
14
32
-11
-32
-16
43
-9
-5
13
-6
-3
-2
-9
-6
-5
-10
-7
25
-60
-6
-1
-9
-8
45
62
-2
-4
-4
-7
-8
-16
-4
52
-15
3
-4
2
-11
-9
-5
-24
-6
-9
-2
-9
-6
-5
-10
-7
-4
-3
-52
148
-3
-8
4
32
-2
-4
-4
-7
-8
-19
-4
-2
-15
-34
-37
-38
-11
-9
-5
24
-6
112
-2
-9
-6
-5
26
-7
9
54
-25
-1
-13
-8
18
14
-2
-4
-4
77
-8
-33
-4
42
59
-46
-14
11
-11
13
-5
8
-6
55
-2
-9
-6
53
-10
-7
1
-15
14
-1
-21
-8
7
8
-2
-4
-4
-7
-8
14
-4
-6
-15
-23
-25
-16
-11
5
31
-9
-6
-9
-2
-9
-6
-5
-10
-7
0
13
-10
-1
-14
-8
10
-16
-2
-4
-2
53
-8
29
-4
31
-15
-5
-44
-21
-11
-9
-5
-24
-6
-9
-2
-9
-6
-5
-10
-7
9
-11
42
-1
-21
-8
9
32
-2
-4
-4
-7
-8
18
-4
16
-15
73
-28
-3
8
-9
-5
-22
-6
-9
-2
-9
-6
-5
0
-7
15
1
-6
-1
-9
-8
-37
23
-2
-4
-4
-7
-8
11
-4
1
-15
-29
-2
14
-11
-9
-5
-6
-6
-9
-2
-9
-6
-5
-10
22
-11
95
24
-1
10
-8
20
-16
-2
-4
66
-7
-8
-13
-4
18
11
-6
51
3
-11
-9
-5
-3
-6
-9
-2
-9
8
-5
-10
-7
-10
51
40
-1
-14
-8
10
-16
-2
-4
-4
-7
-8
-32
-4
-7
-15
-28
-12
32
-11
-9
-5
24
-6
-9
-2
-9
-6
-5
-10
-7
-8
-1
-27
-1
-17
25
-40
23
-2
-4
-4
-7
-8
3
-4
-18
-15
-23
18
-13
0
52
-5
-22
-6
11
-2
-9
-6
-5
-10
-7
1
3
48
-1
79
-8
-35
98
-2
-4
-4
-7
-8
79
-4
84
28
20
-16
4
-11
-9
-5
-9
-6
28
-2
-9
-6
-5
-10
-7
24
53
22
-1
-4
-8
120
22
-2
-4
-4
-7
-8
32
-4
65
81
12
8
-33
